Timestamp,Temp,pH,Volt,EC,Weight,Weightloss,R,G,B,C,RelayStatus
2026-01-12 17:38:01.845,27.2,1.45,4.623,47223,155.84,0.02,1476,2236,1619,0,ON
2026-01-12 17:38:02.505,27.2,1.44,4.624,47223,155.75,0.11,1414,2160,1565,0,ON
2026-01-12 17:38:03.189,27.1,1.45,4.623,47223,155.63,0.23,1470,2215,1605,0,ON
2026-01-12 17:38:03.856,27.2,1.43,4.626,47223,155.52,0.34,1476,2241,1623,0,ON
2026-01-12 17:38:04.536,27.2,1.44,4.624,47223,155.42,0.44,1444,2197,1590,0,ON
2026-01-12 17:38:05.199,27.2,1.47,4.621,47223,155.31,0.55,1544,2310,1671,0,ON
2026-01-12 17:38:05.885,27.1,1.44,4.625,47223,155.20,0.66,1539,2320,1677,0,ON
2026-01-12 17:38:06.548,27.2,1.43,4.626,47223,155.08,0.77,1487,2251,1630,0,ON
2026-01-12 17:38:07.231,27.2,1.45,4.623,47223,154.99,0.87,1547,2332,1685,0,ON
2026-01-12 17:38:07.891,27.2,1.45,4.623,47223,154.87,0.98,1466,2224,1609,0,ON
2026-01-12 17:38:08.572,27.2,1.45,4.623,47223,154.77,1.09,1465,2220,1607,0,ON
2026-01-12 17:38:09.231,27.2,1.44,4.624,47223,154.66,1.20,1524,2299,1663,0,ON
2026-01-12 17:38:09.910,27.2,1.44,4.624,47223,154.56,1.30,1483,2243,1623,0,ON
2026-01-12 17:38:10.572,27.2,1.45,4.623,47223,154.46,1.40,1487,2247,1628,0,ON
2026-01-12 17:38:11.257,27.2,1.44,4.625,47223,154.35,1.51,1508,2274,1645,0,ON
2026-01-12 17:38:11.917,27.2,1.43,4.626,47223,154.24,1.62,1475,2244,1624,0,ON
2026-01-12 17:38:12.598,27.2,1.45,4.623,47223,154.14,1.72,1465,2227,1613,0,ON
2026-01-12 17:38:13.264,27.2,1.43,4.625,47223,154.02,1.84,1498,2273,1645,0,ON
2026-01-12 17:38:13.944,27.2,1.43,4.626,47223,153.90,1.95,1485,2250,1630,0,ON
2026-01-12 17:38:14.614,27.2,1.45,4.623,47223,153.81,2.05,1549,2338,1691,0,ON
2026-01-12 17:38:15.297,27.2,1.44,4.624,47223,153.70,2.16,1528,2300,1665,0,ON
2026-01-12 17:38:15.958,27.3,1.44,4.624,47223,153.60,2.26,1495,2261,1639,0,ON
2026-01-12 17:38:16.645,27.3,1.44,4.625,47223,153.48,2.38,1517,2287,1666,0,ON
2026-01-12 17:38:17.309,27.3,1.44,4.624,47223,153.37,2.49,1497,2251,1630,0,ON
2026-01-12 17:38:17.989,27.3,1.45,4.623,47223,153.27,2.58,1510,2284,1653,0,ON
2026-01-12 17:38:18.652,27.3,1.44,4.624,47223,153.16,2.70,1524,2296,1661,0,ON
2026-01-12 17:38:19.336,27.3,1.45,4.623,47223,153.06,2.80,1485,2252,1630,0,ON
2026-01-12 17:38:20.004,27.3,1.48,4.619,47223,152.95,2.90,1527,2305,1670,0,ON
2026-01-12 17:38:20.685,27.4,1.47,4.621,47223,152.85,3.01,1541,2315,1674,0,ON
2026-01-12 17:38:21.349,27.3,1.45,4.624,47223,152.73,3.13,1490,2243,1626,0,ON
2026-01-12 17:38:22.033,27.4,1.44,4.624,47223,152.62,3.24,1546,2328,1686,0,ON
2026-01-12 17:38:22.694,27.4,1.45,4.623,47223,152.52,3.34,1520,2296,1665,0,ON
2026-01-12 17:38:23.378,27.4,1.45,4.622,47223,152.41,3.45,1488,2249,1629,0,ON
2026-01-12 17:38:24.045,27.4,1.44,4.624,47223,152.32,3.54,1529,2299,1665,0,ON
2026-01-12 17:38:24.727,27.4,1.45,4.623,47223,152.20,3.66,1497,2256,1634,0,ON
2026-01-12 17:38:25.387,27.4,1.49,4.617,47223,152.10,3.76,1530,2304,1669,0,ON
2026-01-12 17:38:26.066,27.4,1.43,4.625,47223,151.98,3.88,1513,2272,1645,0,ON
2026-01-12 17:38:26.729,27.4,1.45,4.623,47223,151.87,3.99,1541,2323,1682,0,ON
2026-01-12 17:38:27.409,27.4,1.45,4.623,47223,151.77,4.09,1522,2288,1658,0,ON
2026-01-12 17:38:28.071,27.4,1.43,4.626,47223,151.66,4.20,1540,2326,1683,0,ON
2026-01-12 17:38:28.754,27.4,1.42,4.626,47223,151.56,4.29,1544,2316,1678,0,ON
2026-01-12 17:38:29.417,27.4,1.44,4.625,47223,151.45,4.41,1499,2262,1638,0,ON
2026-01-12 17:38:30.097,27.4,1.45,4.623,47223,151.36,4.50,1497,2266,1640,0,ON
2026-01-12 17:38:30.758,27.4,1.46,4.622,47223,151.24,4.62,1555,2325,1685,0,ON
2026-01-12 17:38:31.445,27.4,1.46,4.622,47223,151.13,4.72,1494,2259,1635,0,ON
2026-01-12 17:38:32.108,27.5,1.44,4.624,47223,151.03,4.83,1525,2299,1665,0,ON
2026-01-12 17:38:32.790,27.5,1.46,4.622,47223,150.91,4.95,1520,2302,1668,0,ON
2026-01-12 17:38:33.456,27.5,1.46,4.622,47223,150.81,5.04,1552,2336,1694,0,ON
2026-01-12 17:38:34.137,27.5,1.47,4.620,47223,150.70,5.15,1541,2316,1680,0,ON
2026-01-12 17:38:34.801,27.5,1.48,4.619,47223,150.60,5.26,1513,2277,1649,0,ON
2026-01-12 17:38:35.487,27.5,1.46,4.621,47223,150.49,5.37,1573,2359,1709,0,ON
2026-01-12 17:38:36.151,27.5,1.47,4.621,47223,150.39,5.47,1492,2254,1631,0,ON
2026-01-12 17:38:36.838,27.5,1.46,4.622,47223,150.28,5.58,1513,2279,1652,0,ON
2026-01-12 17:38:37.497,27.6,1.45,4.623,47223,150.17,5.69,1559,2348,1700,0,ON
2026-01-12 17:38:38.178,27.5,1.47,4.621,47223,150.06,5.79,1528,2320,1682,0,ON
2026-01-12 17:38:38.841,27.6,1.46,4.622,47223,149.95,5.90,1564,2348,1701,0,ON
2026-01-12 17:38:39.522,27.6,1.45,4.623,47223,149.85,6.01,1537,2310,1676,0,ON
2026-01-12 17:38:40.189,27.6,1.47,4.621,47223,149.74,6.12,1573,2386,1731,0,ON
2026-01-12 17:38:40.875,27.6,1.47,4.621,47223,149.64,6.22,1550,2323,1683,0,ON
2026-01-12 17:38:41.537,27.6,1.45,4.623,47223,149.52,6.34,1516,2277,1651,0,ON
2026-01-12 17:38:42.218,27.6,1.48,4.619,47223,149.41,6.45,1517,2290,1661,0,ON
2026-01-12 17:38:42.884,27.6,1.45,4.623,47223,149.31,6.55,1573,2362,1709,0,ON
2026-01-12 17:38:43.594,27.6,1.45,4.623,47223,149.20,6.66,1564,2348,1703,0,ON
2026-01-12 17:38:44.258,27.6,1.47,4.620,47223,149.07,6.78,1561,2336,1694,0,ON
2026-01-12 17:38:44.948,27.6,1.46,4.622,47223,148.98,6.88,1555,2343,1700,0,ON
2026-01-12 17:38:45.607,27.6,1.47,4.620,47223,148.86,6.99,1528,2302,1670,0,ON
2026-01-12 17:38:46.291,27.7,1.49,4.618,47223,148.77,7.09,1578,2364,1713,0,ON
2026-01-12 17:38:46.960,27.6,1.45,4.623,47223,148.65,7.20,1499,2254,1634,0,ON
2026-01-12 17:38:47.640,27.6,1.48,4.619,47223,148.54,7.32,1540,2314,1675,0,ON
2026-01-12 17:38:48.303,27.6,1.47,4.621,47223,148.43,7.42,1574,2355,1709,0,ON
2026-01-12 17:38:48.984,27.6,1.48,4.620,47223,148.33,7.53,1511,2276,1650,0,ON
2026-01-12 17:38:49.650,27.6,1.47,4.621,47223,148.22,7.64,1551,2327,1688,0,ON
2026-01-12 17:38:50.331,27.6,1.46,4.621,47223,148.11,7.75,1571,2356,1709,0,ON
2026-01-12 17:38:50.992,27.7,1.46,4.622,47223,148.01,7.85,1559,2350,1704,0,ON
2026-01-12 17:38:51.672,27.7,1.48,4.620,47060,147.90,7.96,1563,2340,1697,0,ON
2026-01-12 17:38:52.332,27.7,1.46,4.622,47060,147.80,8.06,1582,2387,1734,0,ON
2026-01-12 17:38:53.017,27.7,1.77,4.581,46588,147.69,8.17,1527,2302,1670,0,ON
2026-01-12 17:38:53.702,27.7,1.77,4.581,46588,147.57,8.29,1561,2336,1695,0,ON
2026-01-12 17:38:54.407,27.7,1.79,4.579,46337,147.47,8.39,1520,2279,1655,0,ON
2026-01-12 17:38:55.083,27.8,1.79,4.578,46337,147.35,8.51,1561,2340,1699,0,ON
2026-01-12 17:38:55.780,27.8,1.84,4.572,45991,147.24,8.62,1535,2299,1668,0,ON
2026-01-12 17:38:56.451,27.8,1.79,4.579,45991,147.13,8.73,1598,2400,1742,0,ON
2026-01-12 17:38:57.142,27.8,1.78,4.580,45649,147.03,8.83,1519,2286,1658,0,ON
2026-01-12 17:38:57.802,27.8,1.51,4.615,45649,146.91,8.95,1570,2361,1712,0,ON
2026-01-12 17:38:58.484,27.8,1.50,4.617,45218,146.81,9.05,1533,2302,1672,0,ON
2026-01-12 17:38:59.155,27.8,1.49,4.618,45218,146.70,9.16,1550,2321,1684,0,ON
2026-01-12 17:38:59.834,27.8,1.46,4.622,44830,146.58,9.27,1559,2334,1694,0,ON
2026-01-12 17:39:00.496,27.8,1.47,4.621,44830,146.49,9.37,1577,2351,1706,0,ON
2026-01-12 17:39:01.181,27.8,1.47,4.620,44648,146.37,9.49,1543,2308,1676,0,ON
2026-01-12 17:39:01.841,27.8,1.48,4.619,44648,146.28,9.58,1570,2366,1716,0,ON
2026-01-12 17:39:02.524,27.8,1.47,4.620,44285,146.16,9.70,1591,2367,1719,0,ON
2026-01-12 17:39:03.187,27.8,1.48,4.619,44285,146.04,9.82,1515,2263,1640,0,ON
2026-01-12 17:39:03.867,27.8,1.47,4.621,44000,145.95,9.91,1574,2362,1713,0,ON
2026-01-12 17:39:04.528,27.9,1.47,4.620,44000,145.83,10.03,1560,2332,1692,0,ON
2026-01-12 17:39:05.211,27.8,1.48,4.619,43628,145.73,10.13,1583,2374,1723,0,ON
2026-01-12 17:39:05.874,27.8,1.47,4.620,43628,145.61,10.25,1546,2307,1675,0,ON
2026-01-12 17:39:06.556,27.8,1.48,4.620,43313,145.51,10.34,1546,2314,1677,0,ON
2026-01-12 17:39:07.218,27.9,1.50,4.617,43313,145.40,10.46,1573,2357,1710,0,ON
2026-01-12 17:39:07.899,27.8,1.49,4.618,42951,145.30,10.55,1534,2289,1662,0,ON
2026-01-12 17:39:08.560,27.9,1.48,4.620,42951,145.19,10.67,1588,2378,1724,0,ON
2026-01-12 17:39:09.240,27.9,1.50,4.617,42695,145.09,10.76,1602,2387,1731,0,ON
2026-01-12 17:39:09.902,27.9,1.47,4.620,42695,144.98,10.88,1536,2290,1663,0,ON
2026-01-12 17:39:10.581,27.9,1.50,4.617,42442,144.88,10.98,1578,2360,1712,0,ON
2026-01-12 17:39:11.246,27.9,1.48,4.619,42442,144.76,11.09,1577,2363,1716,0,ON
2026-01-12 17:39:11.926,27.9,1.49,4.618,42042,144.65,11.21,1583,2364,1715,0,ON
2026-01-12 17:39:12.587,27.9,1.48,4.619,42042,144.55,11.31,1609,2405,1746,0,ON
2026-01-12 17:39:13.267,27.9,1.52,4.613,41746,144.44,11.42,1587,2373,1723,0,ON
2026-01-12 17:39:13.927,27.9,1.47,4.620,41746,144.34,11.52,1591,2376,1725,0,ON
2026-01-12 17:39:14.606,27.9,1.48,4.619,41501,144.22,11.64,1558,2332,1694,0,ON
2026-01-12 17:39:15.268,27.9,1.50,4.616,41501,144.13,11.73,1552,2324,1687,0,ON
2026-01-12 17:39:15.951,27.9,1.49,4.618,41114,144.01,11.85,1606,2394,1737,0,ON
2026-01-12 17:39:16.612,27.9,1.49,4.618,41114,143.91,11.94,1609,2404,1747,0,ON
2026-01-12 17:39:17.293,27.9,1.48,4.620,40875,143.79,12.06,1546,2309,1676,0,ON
2026-01-12 17:39:17.953,28.1,1.49,4.618,40875,143.68,12.17,1583,2362,1715,0,ON
2026-01-12 17:39:18.632,27.9,1.49,4.618,40591,143.58,12.28,1578,2362,1714,0,ON
2026-01-12 17:39:19.303,28.0,1.54,4.612,40591,143.47,12.39,1584,2371,1722,0,ON
2026-01-12 17:39:19.987,28.0,1.50,4.617,40310,143.37,12.49,1555,2326,1689,0,ON
2026-01-12 17:39:20.650,28.0,1.50,4.616,40310,143.26,12.60,1619,2417,1755,0,ON
2026-01-12 17:39:21.331,28.0,1.51,4.615,39987,143.16,12.70,1608,2396,1738,0,ON
2026-01-12 17:39:21.992,28.0,1.49,4.618,39987,143.04,12.82,1593,2374,1725,0,ON
2026-01-12 17:39:22.674,28.0,1.49,4.618,39621,142.95,12.91,1564,2345,1703,0,ON
2026-01-12 17:39:23.336,28.0,1.51,4.615,39621,142.83,13.03,1609,2399,1740,0,ON
2026-01-12 17:39:24.018,28.0,1.49,4.618,39396,142.72,13.14,1616,2413,1676,0,ON
2026-01-12 17:39:24.679,28.1,1.51,4.616,39396,142.62,13.24,1582,2360,1713,0,ON
2026-01-12 17:39:25.359,28.0,1.53,4.613,39128,142.51,13.35,1630,2423,1760,0,ON
2026-01-12 17:39:26.019,28.1,1.54,4.611,39128,142.41,13.44,1549,2297,1665,0,ON
2026-01-12 17:39:26.698,28.1,1.53,4.613,38819,142.30,13.56,1565,2325,1689,0,ON
2026-01-12 17:39:27.360,28.1,1.55,4.610,38819,142.20,13.66,1600,2399,1742,0,ON
2026-01-12 17:39:28.040,28.1,1.54,4.611,38513,142.09,13.77,1576,2357,1714,0,ON
2026-01-12 17:39:28.703,28.1,1.53,4.612,38513,141.98,13.87,1582,2362,1714,0,ON
2026-01-12 17:39:29.386,28.1,1.59,4.605,38212,141.87,13.98,1555,2298,1667,0,ON
2026-01-12 17:39:30.048,28.1,1.55,4.610,38212,141.75,14.10,1567,2336,1697,0,ON
2026-01-12 17:39:30.728,28.1,1.55,4.610,37956,141.65,14.21,1635,2432,1768,0,ON
2026-01-12 17:39:31.389,28.1,1.55,4.610,37956,141.54,14.32,1607,2389,1735,0,ON
2026-01-12 17:39:32.070,28.1,1.53,4.613,37661,141.44,14.42,1591,2366,1721,0,ON
2026-01-12 17:39:32.732,28.1,1.55,4.610,37661,141.33,14.53,1635,2429,1764,0,ON
2026-01-12 17:39:33.413,28.1,1.56,4.609,37368,141.23,14.63,1606,2387,1735,0,ON
2026-01-12 17:39:34.073,28.1,1.55,4.610,37368,141.12,14.74,1613,2402,1747,0,ON
2026-01-12 17:39:34.755,28.1,1.56,4.608,37163,141.01,14.84,1609,2396,1739,0,ON
2026-01-12 17:39:35.419,28.1,1.57,4.608,37163,140.90,14.96,1606,2419,1758,0,ON
2026-01-12 17:39:36.101,28.1,1.56,4.609,36836,140.80,15.06,1629,2415,1756,0,ON
2026-01-12 17:39:36.765,28.2,1.54,4.612,36836,140.69,15.17,1616,2424,1760,0,ON
2026-01-12 17:39:37.449,28.1,1.57,4.607,36514,140.58,15.28,1602,2372,1723,0,ON
2026-01-12 17:39:38.115,28.2,1.56,4.609,36514,140.48,15.38,1595,2364,1716,0,ON
2026-01-12 17:39:38.802,28.2,1.55,4.610,36395,140.36,15.50,1619,2416,1755,0,ON
2026-01-12 17:39:39.463,28.2,1.58,4.606,36395,140.26,15.59,1619,2408,1748,0,ON
2026-01-12 17:39:40.143,28.2,1.56,4.609,36039,140.15,15.71,1644,2439,1772,0,ON
2026-01-12 17:39:40.811,28.2,1.59,4.605,36039,140.03,15.82,1633,2418,1756,0,ON
2026-01-12 17:39:41.493,28.3,1.61,4.603,35728,139.93,15.93,1575,2335,1696,0,ON
2026-01-12 17:39:42.154,28.2,1.60,4.603,35728,139.81,16.05,1618,2397,1741,0,ON
2026-01-12 17:39:42.843,28.3,1.61,4.603,35459,139.72,16.14,1611,2400,1743,0,ON
2026-01-12 17:39:43.505,28.3,1.62,4.602,35459,139.61,16.25,1634,2439,1774,0,ON
2026-01-12 17:39:44.186,28.3,1.61,4.602,35230,139.50,16.35,1614,2388,1737,0,ON
2026-01-12 17:39:44.851,28.3,1.62,4.600,35230,139.39,16.47,1622,2406,1746,0,ON
2026-01-12 17:39:45.533,28.3,1.64,4.598,34967,139.29,16.56,1624,2416,1756,0,ON
2026-01-12 17:39:46.193,28.3,1.63,4.600,34967,139.18,16.68,1662,2452,1783,0,ON
2026-01-12 17:39:46.873,28.3,1.63,4.600,34742,139.06,16.80,1640,2433,1768,0,ON
2026-01-12 17:39:47.533,28.3,1.64,4.599,34742,138.96,16.89,1653,2442,1772,0,ON
2026-01-12 17:39:48.214,28.3,1.65,4.598,34559,138.85,17.01,1633,2418,1756,0,ON
2026-01-12 17:39:48.879,28.3,1.76,4.583,34559,138.75,17.11,1608,2386,1733,0,ON
2026-01-12 17:39:49.561,28.3,1.69,4.592,34302,138.64,17.22,1609,2386,1734,0,ON
2026-01-12 17:39:50.224,28.3,1.70,4.590,34302,138.53,17.33,1640,2443,1775,0,ON
2026-01-12 17:39:50.910,28.4,1.74,4.586,34013,138.42,17.44,1641,2428,1764,0,ON
2026-01-12 17:39:51.570,28.3,1.82,4.576,34013,138.30,17.56,1587,2356,1711,0,ON
2026-01-12 17:39:52.250,28.3,1.75,4.584,33763,138.20,17.65,1650,2452,1781,0,ON
2026-01-12 17:39:52.915,28.3,1.69,4.592,33763,138.09,17.77,1609,2382,1731,0,ON
2026-01-12 17:39:53.594,28.3,1.70,4.591,33515,137.99,17.87,1631,2413,1752,0,ON
2026-01-12 17:39:54.257,28.4,1.65,4.597,33515,137.87,17.99,1640,2431,1767,0,ON
2026-01-12 17:39:54.941,28.4,1.65,4.597,33236,137.78,18.07,1599,2369,1721,0,ON
2026-01-12 17:39:55.604,28.3,1.66,4.596,33236,137.67,18.19,1623,2409,1751,0,ON
2026-01-12 17:39:56.285,28.4,1.69,4.592,32994,137.57,18.29,1632,2417,1757,0,ON
2026-01-12 17:39:56.947,28.4,1.67,4.594,32994,137.45,18.40,1626,2404,1746,0,ON
2026-01-12 17:39:57.626,28.4,1.70,4.591,32789,137.36,18.50,1646,2436,1770,0,ON
2026-01-12 17:39:58.291,28.3,1.69,4.592,32789,137.24,18.62,1662,2461,1788,0,ON
2026-01-12 17:39:58.974,28.4,1.71,4.590,32586,137.13,18.73,1666,2464,1790,0,ON
2026-01-12 17:39:59.634,28.4,1.72,4.588,32586,137.03,18.83,1626,2411,1753,0,ON
2026-01-12 17:40:00.315,28.4,1.74,4.586,32284,136.92,18.94,1638,2421,1760,0,ON
2026-01-12 17:40:00.978,28.4,1.74,4.586,32284,136.81,19.05,1644,2431,1764,0,ON
2026-01-12 17:40:01.658,28.4,1.88,4.567,32020,136.70,19.15,1623,2409,1751,0,ON
2026-01-12 17:40:02.319,28.4,1.91,4.563,32020,136.60,19.26,1616,2392,1737,0,ON
2026-01-12 17:40:03.001,28.4,1.94,4.559,31857,136.49,19.37,1657,2453,1781,0,ON
2026-01-12 17:40:03.663,28.4,1.70,4.591,31857,136.37,19.48,1625,2402,1746,0,ON
2026-01-12 17:40:04.343,28.4,1.71,4.589,31662,136.28,19.58,1663,2456,1784,0,ON
2026-01-12 17:40:05.006,28.4,1.70,4.590,31662,136.17,19.69,1645,2435,1768,0,ON
2026-01-12 17:40:05.686,28.4,1.77,4.582,31309,136.06,19.79,1626,2406,1747,0,ON
2026-01-12 17:40:06.348,28.4,1.88,4.567,31309,135.95,19.91,1658,2452,1781,0,ON
2026-01-12 17:40:07.031,28.4,1.74,4.586,31151,135.86,20.00,1636,2426,1762,0,ON
2026-01-12 17:40:07.692,28.4,1.90,4.565,31151,135.73,20.12,1627,2408,1751,0,ON
2026-01-12 17:40:08.372,28.4,1.73,4.587,30963,135.65,20.21,1630,2401,1745,0,ON
2026-01-12 17:40:09.034,28.4,1.86,4.570,30963,135.52,20.33,1633,2422,1759,0,ON
2026-01-12 17:40:09.714,28.4,1.77,4.582,30776,135.42,20.43,1627,2412,1752,0,ON
2026-01-12 17:40:10.374,28.5,1.76,4.582,30776,135.32,20.54,1659,2449,1778,0,ON
2026-01-12 17:40:11.058,28.5,1.81,4.576,30560,135.21,20.65,1649,2442,1773,0,ON
2026-01-12 17:40:11.721,28.5,1.85,4.572,30560,135.10,20.76,1647,2440,1773,0,ON
2026-01-12 17:40:12.402,28.5,1.79,4.579,30315,134.99,20.87,1646,2424,1759,0,ON
2026-01-12 17:40:13.063,28.5,1.76,4.583,30315,134.89,20.97,1641,2422,1761,0,ON
2026-01-12 17:40:13.744,28.5,1.80,4.578,30134,134.77,21.09,1661,2459,1786,0,ON
2026-01-12 17:40:14.402,28.5,1.78,4.580,30134,134.67,21.18,1653,2436,1770,0,ON
2026-01-12 17:40:15.083,28.5,1.94,4.559,29895,134.56,21.30,1639,2417,1755,0,ON
2026-01-12 17:40:15.745,28.5,1.88,4.568,29895,134.46,21.39,1655,2452,1782,0,ON
2026-01-12 17:40:16.425,28.5,1.96,4.557,29687,134.34,21.51,1680,2477,1798,0,ON
2026-01-12 17:40:17.092,28.5,1.86,4.570,29687,134.24,21.62,1650,2432,1766,0,ON
2026-01-12 17:40:17.774,28.6,1.79,4.579,29512,134.13,21.73,1699,2509,1822,0,ON
2026-01-12 17:40:18.435,28.6,1.83,4.574,29512,134.02,21.84,1657,2446,1776,0,ON
2026-01-12 17:40:19.116,28.6,1.92,4.562,29337,133.92,21.94,1668,2458,1785,0,ON
2026-01-12 17:40:19.776,28.6,1.80,4.577,29337,133.80,22.05,1671,2469,1796,0,ON
2026-01-12 17:40:20.458,28.6,1.90,4.565,29079,133.71,22.15,1688,2454,1783,0,ON
2026-01-12 17:40:21.119,28.6,1.68,4.593,29079,133.58,22.28,1665,2462,1788,0,ON
2026-01-12 17:40:21.798,28.6,1.75,4.584,28936,133.49,22.37,1634,2412,1750,0,ON
2026-01-12 17:40:22.457,28.6,1.75,4.584,28936,133.37,22.48,1644,2418,1758,0,ON
2026-01-12 17:40:23.139,28.7,1.78,4.580,28711,133.28,22.58,1651,2433,1795,0,ON
2026-01-12 17:40:23.799,28.6,1.86,4.570,28711,133.16,22.70,1658,2447,1777,0,ON
2026-01-12 17:40:24.481,28.6,1.82,4.574,28543,133.06,22.79,1689,2492,1811,0,ON
2026-01-12 17:40:25.146,28.6,1.80,4.577,28543,132.94,22.91,1698,2499,1815,0,ON
2026-01-12 17:40:25.827,28.6,1.88,4.567,28294,132.84,23.02,1655,2444,1775,0,ON
2026-01-12 17:40:26.487,28.6,1.84,4.572,28294,132.74,23.12,1676,2467,1790,0,ON
2026-01-12 17:40:27.169,28.6,2.00,4.552,28157,132.62,23.24,1705,2512,1823,0,ON
2026-01-12 17:40:27.830,28.6,1.88,4.567,28157,132.52,23.34,1643,2414,1751,0,ON
2026-01-12 17:40:28.511,28.7,1.79,4.579,27994,132.41,23.45,1683,2484,1804,0,ON
2026-01-12 17:40:29.172,28.6,1.99,4.552,27994,132.31,23.55,1690,2489,1807,0,ON
2026-01-12 17:40:29.851,28.6,1.74,4.586,27752,132.20,23.66,1667,2457,1786,0,ON
2026-01-12 17:40:30.513,28.6,1.76,4.583,27752,132.08,23.77,1674,2465,1790,0,ON
2026-01-12 17:40:31.195,28.7,1.79,4.579,27592,131.99,23.87,1680,2475,1798,0,ON
2026-01-12 17:40:31.858,28.7,1.84,4.573,27592,131.88,23.98,1660,2449,1781,0,ON
2026-01-12 17:40:32.537,28.7,2.01,4.551,27407,131.77,24.09,1710,2515,1828,0,ON
2026-01-12 17:40:33.202,28.7,1.73,4.587,27407,131.65,24.21,1682,2474,1797,0,ON
2026-01-12 17:40:33.882,28.7,1.77,4.582,27225,131.56,24.29,1682,2481,1804,0,ON
2026-01-12 17:40:34.542,28.7,2.00,4.551,27225,131.44,24.42,1699,2498,1814,0,ON
2026-01-12 17:40:35.224,28.7,2.03,4.547,27043,131.34,24.51,1687,2477,1800,0,ON
2026-01-12 17:40:35.885,28.7,1.77,4.582,27043,131.23,24.62,1667,2461,1789,0,ON
2026-01-12 17:40:36.565,28.7,1.85,4.571,26838,131.14,24.72,1700,2502,1817,0,ON
2026-01-12 17:40:37.236,28.7,1.84,4.572,26838,131.02,24.84,1704,2504,1820,0,ON
2026-01-12 17:40:37.917,28.7,1.94,4.559,26711,130.91,24.95,1698,2498,1815,0,ON
2026-01-12 17:40:38.577,28.7,1.96,4.556,26711,130.81,25.05,1701,2494,1813,0,ON
2026-01-12 17:40:39.260,28.7,1.80,4.577,26584,130.70,25.16,1697,2491,1810,0,ON
2026-01-12 17:40:39.922,28.7,1.90,4.564,26584,130.59,25.26,1684,2486,1806,0,ON
2026-01-12 17:40:40.602,28.7,2.00,4.552,26384,130.49,25.37,1715,2516,1829,0,ON
2026-01-12 17:40:41.266,28.7,2.04,4.546,26384,130.39,25.47,1722,2529,1837,0,ON
2026-01-12 17:40:41.948,28.7,1.88,4.567,26260,130.27,25.59,1680,2472,1796,0,ON
2026-01-12 17:40:42.609,28.8,1.96,4.557,26260,130.16,25.70,1722,2525,1834,0,ON
2026-01-12 17:40:43.291,28.8,2.03,4.548,26063,130.06,25.80,1686,2478,1798,0,ON
2026-01-12 17:40:43.952,28.8,1.68,4.593,26063,129.94,25.91,1704,2508,1824,0,ON
2026-01-12 17:40:44.631,28.7,1.61,4.602,25868,129.85,26.01,1728,2534,1842,0,ON
2026-01-12 17:40:45.293,28.7,1.65,4.597,25868,129.73,26.13,1711,2513,1826,0,ON
2026-01-12 17:40:45.976,28.8,1.66,4.596,25699,129.63,26.22,1684,2477,1798,0,ON
2026-01-12 17:40:46.636,28.8,1.67,4.595,25699,129.52,26.34,1703,2502,1819,0,ON
2026-01-12 17:40:47.319,28.8,1.65,4.597,25580,129.42,26.44,1711,2512,1823,0,ON
2026-01-12 17:40:47.980,28.8,1.67,4.594,25580,129.31,26.55,1720,2526,1825,0,ON
2026-01-12 17:40:48.660,28.8,1.66,4.596,25390,129.21,26.65,1687,2480,1801,0,ON
2026-01-12 17:40:49.324,28.9,1.79,4.579,25390,129.09,26.77,1698,2492,1810,0,ON
2026-01-12 17:40:50.007,28.8,2.13,4.535,25225,128.98,26.88,1696,2481,1802,0,ON
2026-01-12 17:40:50.667,28.9,1.78,4.580,25225,128.88,26.98,1707,2509,1823,0,ON
2026-01-12 17:40:51.348,28.9,1.90,4.565,25085,128.76,27.10,1705,2504,1820,0,ON
2026-01-12 17:40:52.010,28.9,1.77,4.582,25085,128.66,27.19,1685,2470,1794,0,ON
2026-01-12 17:40:52.691,28.9,1.76,4.582,24946,128.55,27.31,1718,2518,1829,0,ON
2026-01-12 17:40:53.357,28.9,1.89,4.566,24946,128.45,27.41,1743,2552,1853,0,ON
2026-01-12 17:40:54.038,28.9,1.90,4.565,24762,128.34,27.52,1704,2504,1820,0,ON
2026-01-12 17:40:54.700,28.9,1.86,4.569,24762,128.23,27.63,1703,2493,1811,0,ON
2026-01-12 17:40:55.380,28.9,1.80,4.578,24626,128.12,27.73,1729,2536,1842,0,ON
2026-01-12 17:40:56.040,28.9,1.71,4.589,24626,128.01,27.85,1693,2484,1804,0,ON
2026-01-12 17:40:56.725,28.9,1.68,4.594,24490,127.91,27.95,1715,2516,1827,0,ON
2026-01-12 17:40:57.387,29.0,1.71,4.589,24490,127.80,28.06,1722,2521,1830,0,ON
2026-01-12 17:40:58.068,28.9,1.70,4.590,24356,127.70,28.16,1693,2484,1804,0,ON
2026-01-12 17:40:58.730,28.9,1.81,4.576,24356,127.58,28.28,1743,2552,1854,0,ON
2026-01-12 17:40:59.414,28.9,1.72,4.588,24179,127.48,28.38,1744,2554,1854,0,ON
2026-01-12 17:41:00.075,28.9,1.72,4.588,24179,127.37,28.49,1707,2495,1814,0,ON
2026-01-12 17:41:00.758,28.9,1.88,4.567,24091,127.27,28.59,1732,2532,1840,0,ON
2026-01-12 17:41:01.420,28.9,1.84,4.573,24091,127.16,28.70,1735,2538,1844,0,ON
2026-01-12 17:41:02.100,29.0,2.01,4.550,23894,127.04,28.81,1707,2500,1815,0,ON
2026-01-12 17:41:02.768,28.9,1.95,4.558,23894,126.94,28.92,1734,2531,1839,0,ON
2026-01-12 17:41:03.450,28.9,1.73,4.587,23742,126.83,29.03,1754,2563,1862,0,ON
2026-01-12 17:41:04.111,29.0,2.02,4.549,23742,126.73,29.13,1752,2562,1861,0,ON
2026-01-12 17:41:04.798,29.0,1.77,4.581,23634,126.62,29.23,1731,2528,1835,0,ON
2026-01-12 17:41:05.459,28.9,1.87,4.568,23634,126.51,29.35,1710,2496,1816,0,ON
2026-01-12 17:41:06.140,29.0,1.99,4.553,23528,126.41,29.45,1726,2521,1862,0,ON
2026-01-12 17:41:06.806,28.9,1.74,4.585,23528,126.29,29.57,1729,2531,1839,0,ON
2026-01-12 17:41:07.488,28.9,1.63,4.599,23379,126.20,29.66,1700,2490,1809,0,ON
2026-01-12 17:41:08.149,29.0,1.63,4.600,23379,126.09,29.77,1718,2515,1827,0,ON
2026-01-12 17:41:08.838,29.0,1.61,4.602,23211,125.99,29.87,1723,2523,1834,0,ON
2026-01-12 17:41:09.498,29.0,1.63,4.600,23211,125.87,29.99,1761,2571,1869,0,ON
2026-01-12 17:41:10.178,29.0,1.64,4.598,23148,125.78,30.08,1741,2544,1849,0,ON
2026-01-12 17:41:10.845,29.0,1.66,4.596,23148,125.66,30.20,1745,2548,1851,0,ON
2026-01-12 17:41:11.527,29.0,1.81,4.576,22983,125.55,30.31,1760,2572,1868,0,ON
2026-01-12 17:41:12.188,29.1,1.81,4.577,22983,125.44,30.41,1741,2544,1848,0,ON
2026-01-12 17:41:12.871,29.1,1.89,4.566,22880,125.33,30.53,1756,2563,1863,0,ON
2026-01-12 17:41:13.532,29.1,1.76,4.583,22880,125.23,30.62,1757,2565,1863,0,ON
2026-01-12 17:41:14.212,29.0,2.06,4.544,22757,125.12,30.74,1740,2547,1852,0,ON
2026-01-12 17:41:14.879,29.1,1.82,4.575,22757,125.02,30.83,1761,2572,1868,0,ON
2026-01-12 17:41:15.559,29.1,2.00,4.552,22655,124.91,30.95,1759,2565,1864,0,ON
2026-01-12 17:41:16.228,29.1,1.71,4.590,22655,124.79,31.06,1763,2578,1873,0,ON
2026-01-12 17:41:16.915,29.1,1.81,4.576,22514,124.69,31.16,1772,2588,1880,0,ON
2026-01-12 17:41:17.576,29.1,1.97,4.555,22514,124.58,31.28,1764,2578,1873,0,ON
2026-01-12 17:41:18.256,29.1,1.82,4.575,22374,124.48,31.37,1773,2588,1879,0,ON
2026-01-12 17:41:18.921,29.1,1.84,4.573,22374,124.37,31.49,1755,2553,1855,0,ON
2026-01-12 17:41:19.600,29.1,1.86,4.570,22275,124.27,31.59,1761,2571,1868,0,ON
2026-01-12 17:41:20.264,29.1,2.02,4.549,22275,124.15,31.70,1746,2544,1846,0,ON
2026-01-12 17:41:20.950,29.1,1.69,4.591,22176,124.06,31.80,1750,2552,1854,0,ON
2026-01-12 17:41:21.611,29.1,1.69,4.592,22176,123.94,31.91,1770,2584,1876,0,ON
2026-01-12 17:41:22.291,29.1,1.70,4.590,22077,123.83,32.03,1751,2556,1855,0,ON
2026-01-12 17:41:22.954,29.1,1.78,4.580,22077,123.73,32.13,1712,2491,1809,0,ON
2026-01-12 17:41:23.633,29.1,1.83,4.574,21921,123.61,32.24,1783,2600,1888,0,ON
2026-01-12 17:41:24.294,29.1,1.89,4.566,21921,123.51,32.35,1762,2569,1867,0,ON
2026-01-12 17:41:24.979,29.2,1.94,4.559,21844,123.40,32.46,1766,2572,1867,0,ON
2026-01-12 17:41:25.639,29.1,1.86,4.570,21844,123.29,32.57,1767,2576,1871,0,ON
2026-01-12 17:41:26.319,29.2,1.91,4.563,21729,123.19,32.67,1714,2502,1816,0,ON
2026-01-12 17:41:26.984,29.2,1.81,4.576,21729,123.08,32.78,1769,2582,1874,0,ON
2026-01-12 17:41:27.665,29.1,1.81,4.577,21595,122.98,32.88,1788,2608,1895,0,ON
2026-01-12 17:41:28.326,29.2,2.00,4.551,21595,122.86,33.00,1747,2542,1846,0,ON
2026-01-12 17:41:29.008,29.2,1.82,4.575,21463,122.76,33.10,1759,2603,1891,0,ON
2026-01-12 17:41:29.668,29.2,1.83,4.574,21463,122.64,33.21,1743,2538,1844,0,ON
2026-01-12 17:41:30.347,29.2,1.92,4.562,21387,122.55,33.31,1773,2581,1874,0,ON
2026-01-12 17:41:31.012,29.2,1.71,4.590,21387,122.44,33.42,1778,2592,1883,0,ON
2026-01-12 17:41:31.691,29.2,1.65,4.598,21256,122.33,33.52,1752,2556,1859,0,ON
2026-01-12 17:41:32.351,29.2,1.59,4.605,21256,122.22,33.64,1802,2624,1905,0,ON
2026-01-12 17:41:33.033,29.2,1.64,4.598,21164,122.12,33.73,1784,2599,1887,0,ON
2026-01-12 17:41:33.695,29.2,1.62,4.601,21164,122.01,33.85,1777,2585,1877,0,ON
2026-01-12 17:41:34.377,29.2,1.67,4.594,21090,121.89,33.97,1793,2611,1897,0,ON
2026-01-12 17:41:35.039,29.2,1.70,4.590,21090,121.80,34.06,1766,2576,1871,0,ON
2026-01-12 17:41:35.724,29.3,1.97,4.556,20979,121.69,34.17,1783,2596,1884,0,ON
2026-01-12 17:41:36.387,29.3,1.87,4.568,20979,121.58,34.28,1771,2579,1872,0,ON
2026-01-12 17:41:37.065,29.3,2.03,4.547,20869,121.47,34.39,1784,2596,1886,0,ON
2026-01-12 17:41:37.728,29.2,1.88,4.567,20869,121.37,34.49,1799,2621,1901,0,ON
2026-01-12 17:41:38.408,29.3,1.94,4.559,20761,121.25,34.60,1782,2594,1884,0,ON
2026-01-12 17:41:39.069,29.3,1.90,4.564,20761,121.14,34.72,1779,2594,1884,0,ON
2026-01-12 17:41:39.750,29.3,2.03,4.548,20671,121.04,34.81,1774,2583,1877,0,ON
2026-01-12 17:41:40.411,29.3,1.81,4.576,20671,120.92,34.94,1778,2579,1874,0,ON
2026-01-12 17:41:41.093,29.3,1.72,4.588,20563,120.83,35.03,1788,2600,1907,0,ON
2026-01-12 17:41:41.755,29.3,1.73,4.586,20563,120.72,35.14,1774,2581,1875,0,ON
2026-01-12 17:41:42.437,29.3,1.62,4.601,20492,120.62,35.24,1791,2605,1892,0,ON
2026-01-12 17:41:43.098,29.3,1.74,4.585,20492,120.50,35.36,1791,2603,1890,0,ON
2026-01-12 17:41:43.776,29.3,1.64,4.599,20413,120.40,35.46,1758,2555,1854,0,ON
2026-01-12 17:41:44.438,29.3,1.65,4.597,20413,120.29,35.56,1791,2605,1893,0,ON
2026-01-12 17:41:45.126,29.3,1.56,4.609,20315,120.19,35.67,1786,2592,1883,0,ON
2026-01-12 17:41:45.787,29.3,1.56,4.609,20315,120.07,35.79,1759,2551,1851,0,ON
2026-01-12 17:41:46.471,29.4,1.62,4.602,20227,119.96,35.90,1802,2623,1905,0,ON
2026-01-12 17:41:47.139,29.3,1.54,4.612,20227,119.86,36.00,1774,2574,1871,0,ON
2026-01-12 17:41:47.821,29.3,1.61,4.602,20106,119.75,36.10,1824,2655,1929,0,ON
2026-01-12 17:41:48.483,29.3,1.65,4.597,20106,119.65,36.21,1791,2605,1892,0,ON
2026-01-12 17:41:49.165,29.3,1.57,4.608,20018,119.54,36.32,1787,2593,1885,0,ON
2026-01-12 17:41:49.830,29.3,1.57,4.607,20018,119.42,36.43,1804,2620,1904,0,ON
2026-01-12 17:41:50.516,29.3,1.58,4.606,19950,119.33,36.53,1796,2605,1895,0,ON
2026-01-12 17:41:51.175,29.3,1.59,4.605,19950,119.22,36.64,1811,2636,1914,0,ON
2026-01-12 17:41:51.858,29.3,1.60,4.604,19813,119.11,36.75,1810,2634,1914,0,ON
2026-01-12 17:41:52.522,29.4,1.59,4.604,19813,119.00,36.86,1763,2571,1866,0,ON
2026-01-12 17:41:53.202,29.4,1.50,4.617,19779,118.90,36.96,1823,2648,1924,0,ON
2026-01-12 17:41:53.863,29.4,1.60,4.604,19779,118.79,37.07,1791,2599,1891,0,ON
2026-01-12 17:41:54.556,29.4,1.57,4.607,19728,118.68,37.18,1776,2575,1871,0,ON
2026-01-12 17:41:55.217,29.4,1.55,4.611,19728,118.57,37.29,1796,2600,1887,0,ON
2026-01-12 17:41:55.902,29.4,1.61,4.603,19610,118.46,37.40,1787,2595,1887,0,ON
2026-01-12 17:41:56.570,29.4,1.64,4.598,19610,118.35,37.50,1815,2636,1918,0,ON
2026-01-12 17:41:57.249,29.4,1.58,4.606,19526,118.25,37.61,1795,2603,1889,0,ON
2026-01-12 17:41:57.915,29.4,1.60,4.603,19526,118.15,37.71,1792,2604,1893,0,ON
2026-01-12 17:41:58.603,29.4,1.60,4.604,19443,118.03,37.83,1813,2633,1914,0,ON
2026-01-12 17:41:59.265,29.4,1.62,4.601,19443,117.91,37.94,1789,2598,1887,0,ON
2026-01-12 17:41:59.950,29.4,1.55,4.610,19376,117.82,38.04,1819,2635,1918,0,ON
2026-01-12 17:42:00.611,29.4,1.63,4.599,19376,117.71,38.15,1811,2629,1913,0,ON
2026-01-12 17:42:01.292,29.4,1.53,4.612,19277,117.60,38.25,1824,2647,1922,0,ON
2026-01-12 17:42:01.955,29.4,1.67,4.595,19277,117.49,38.37,1800,2607,1896,0,ON
2026-01-12 17:42:02.635,29.5,1.58,4.606,19195,117.39,38.47,1814,2631,1914,0,ON
2026-01-12 17:42:03.298,29.4,1.57,4.608,19195,117.28,38.58,1816,2638,1914,0,ON
2026-01-12 17:42:03.977,29.4,1.69,4.592,19146,117.18,38.68,1811,2624,1909,0,ON
2026-01-12 17:42:04.637,29.4,1.66,4.596,19146,117.07,38.79,1819,2638,1920,0,ON
2026-01-12 17:42:05.316,29.4,1.72,4.588,19082,116.96,38.89,1808,2623,1907,0,ON
2026-01-12 17:42:05.979,29.5,1.60,4.603,19082,116.86,39.00,1794,2601,1891,0,ON
2026-01-12 17:42:06.659,29.4,1.61,4.602,18968,116.74,39.12,1828,2652,1929,0,ON
2026-01-12 17:42:07.319,29.4,1.62,4.601,18968,116.64,39.22,1821,2638,1919,0,ON
2026-01-12 17:42:08.002,29.5,1.60,4.603,18919,116.53,39.33,1803,2616,1903,0,ON
2026-01-12 17:42:08.665,29.5,1.76,4.583,18919,116.43,39.43,1830,2651,1928,0,ON
2026-01-12 17:42:09.346,29.5,1.68,4.593,18840,116.32,39.54,1804,2610,1899,0,ON
2026-01-12 17:42:10.010,29.5,1.82,4.575,18840,116.21,39.65,1810,2621,1908,0,ON
2026-01-12 17:42:10.690,29.5,1.69,4.593,18775,116.10,39.75,1821,2640,1921,0,ON
2026-01-12 17:42:11.350,29.5,1.71,4.589,18775,115.99,39.87,1816,2632,1918,0,ON
2026-01-12 17:42:12.033,29.5,1.75,4.585,18681,115.89,39.96,1825,2647,1925,0,ON
2026-01-12 17:42:12.693,29.5,1.77,4.582,18681,115.78,40.08,1812,2626,1911,0,ON
2026-01-12 17:42:13.372,29.5,1.73,4.586,18617,115.67,40.18,1816,2628,1914,0,ON
2026-01-12 17:42:14.034,29.5,1.81,4.576,18617,115.56,40.30,1828,2646,1926,0,ON
2026-01-12 17:42:14.718,29.6,1.71,4.589,18554,115.46,40.40,1835,2657,1935,0,ON
2026-01-12 17:42:15.380,29.6,1.70,4.591,18554,115.35,40.50,1828,2644,1925,0,ON
2026-01-12 17:42:16.064,29.5,1.89,4.566,18492,115.25,40.61,1840,2667,1943,0,ON
2026-01-12 17:42:16.725,29.6,1.69,4.592,18492,115.14,40.72,1814,2623,1911,0,ON
2026-01-12 17:42:17.405,29.6,1.88,4.568,18413,115.04,40.82,1846,2671,1944,0,ON
2026-01-12 17:42:18.069,29.6,1.86,4.570,18413,114.93,40.92,1839,2660,1938,0,ON
2026-01-12 17:42:18.749,29.6,1.82,4.576,18367,114.83,41.03,1801,2595,1894,0,ON
2026-01-12 17:42:19.410,29.6,1.86,4.569,18367,114.71,41.15,1855,2684,1958,0,ON
2026-01-12 17:42:20.093,29.6,1.93,4.561,18290,114.60,41.26,1816,2623,1915,0,ON
2026-01-12 17:42:20.756,29.6,1.97,4.555,18290,114.50,41.36,1834,2650,1931,0,ON
2026-01-12 17:42:21.436,29.6,2.03,4.547,18212,114.39,41.47,1822,2633,1919,0,ON
2026-01-12 17:42:22.097,29.6,1.99,4.553,18212,114.29,41.57,1805,2605,1902,0,ON
2026-01-12 17:42:22.777,29.6,1.99,4.554,18152,114.17,41.69,1843,2662,1942,0,ON
2026-01-12 17:42:23.438,29.6,2.02,4.548,18152,114.07,41.78,1810,2614,1902,0,ON
2026-01-12 17:42:24.118,29.6,2.09,4.539,18091,113.96,41.90,1816,2617,1911,0,ON
2026-01-12 17:42:24.781,29.6,2.14,4.534,18091,113.84,42.02,1838,2644,1937,0,ON
2026-01-12 17:42:25.461,29.6,2.05,4.545,18045,113.74,42.12,1851,2665,1951,0,ON
2026-01-12 17:42:26.124,29.6,2.21,4.524,18045,113.63,42.22,1821,2638,1927,0,ON
2026-01-12 17:42:26.802,29.7,2.13,4.534,17970,113.54,42.32,1868,2691,1969,0,ON
2026-01-12 17:42:27.463,29.6,2.12,4.535,17970,113.41,42.44,1843,2658,1945,0,ON
2026-01-12 17:42:28.146,29.7,2.26,4.517,17924,113.32,42.54,1832,2635,1927,0,ON
2026-01-12 17:42:28.806,29.7,2.23,4.521,17924,113.20,42.66,1833,2633,1930,0,ON
2026-01-12 17:42:29.489,29.7,2.28,4.516,17849,113.10,42.75,1819,2614,1917,0,ON
2026-01-12 17:42:30.152,29.7,2.37,4.504,17849,112.99,42.87,1839,2639,1935,0,ON
2026-01-12 17:42:30.832,29.7,2.30,4.513,17789,112.89,42.97,1831,2619,1928,0,ON
2026-01-12 17:42:31.495,29.8,2.45,4.493,17789,112.77,43.09,1848,2645,1946,0,ON
2026-01-12 17:42:32.176,29.7,2.50,4.487,17715,112.67,43.18,1847,2646,1947,0,ON
2026-01-12 17:42:32.837,29.7,2.43,4.496,17715,112.56,43.29,1813,2591,1906,0,ON
2026-01-12 17:42:33.528,29.7,2.66,4.465,17671,112.44,43.41,1838,2626,1942,0,ON
2026-01-12 17:42:34.191,29.7,2.73,4.456,17671,112.35,43.51,1823,2591,1920,0,ON
2026-01-12 17:42:34.872,29.8,2.95,4.428,17597,112.23,43.63,1825,2595,1922,0,ON
2026-01-12 17:42:35.534,29.8,3.01,4.420,17597,112.13,43.72,1821,2537,1917,0,ON
2026-01-12 17:42:36.215,29.7,3.14,4.403,17524,112.02,43.84,1821,2553,1920,0,ON
2026-01-12 17:42:36.876,29.7,3.47,4.360,17524,111.91,43.95,1799,2473,1893,0,ON
2026-01-12 17:42:37.569,29.7,3.78,4.320,17509,111.81,44.05,1759,2282,1847,0,ON
2026-01-12 17:42:38.231,29.7,4.88,4.177,17509,111.69,44.16,1703,2016,1782,0,ON
2026-01-12 17:42:38.913,29.8,6.75,3.934,17568,111.59,44.27,1605,1669,1673,0,ON
2026-01-12 17:42:39.577,29.8,8.82,3.720,17568,111.47,44.39,1538,1435,1596,0,ON
2026-01-12 17:42:40.260,29.8,10.94,3.504,17686,111.38,44.48,1504,1318,1562,0,ON
2026-01-12 17:42:40.923,29.8,12.25,3.371,17686,111.27,44.59,1486,1261,1533,0,ON
2026-01-12 17:42:41.607,29.8,12.49,3.346,17939,111.17,44.69,1477,1241,1522,0,ON
2026-01-12 17:42:42.274,29.8,12.80,3.315,17939,111.06,44.80,1479,1238,1523,0,ON
2026-01-12 17:42:42.957,29.8,12.95,3.300,18136,110.94,44.92,1466,1224,1509,0,ON
2026-01-12 17:42:43.620,29.8,13.06,3.289,18136,110.84,45.02,1497,1256,1545,0,ON
2026-01-12 17:42:44.304,29.8,13.23,3.271,18321,110.73,45.13,1493,1255,1538,0,ON
2026-01-12 17:42:44.968,29.8,13.32,3.262,18321,110.63,45.23,1486,1239,1533,0,ON
2026-01-12 17:42:45.650,29.8,13.36,3.258,18523,110.51,45.34,1492,1256,1541,0,ON
2026-01-12 17:42:46.318,29.8,13.30,3.264,18523,110.40,45.46,1473,1225,1515,0,ON
2026-01-12 17:42:47.003,29.8,13.40,3.253,18681,110.30,45.56,1485,1238,1527,0,ON
2026-01-12 17:42:47.667,29.8,13.39,3.255,18681,110.19,45.67,1491,1248,1538,0,ON
2026-01-12 17:42:48.348,29.8,13.40,3.253,18808,110.09,45.77,1471,1226,1514,0,ON
2026-01-12 17:42:49.017,29.8,13.46,3.248,18808,109.96,45.89,1493,1254,1537,0,ON
2026-01-12 17:42:49.699,29.8,13.52,3.242,18968,109.88,45.98,1481,1235,1527,0,ON
2026-01-12 17:42:50.363,29.8,13.59,3.234,18968,109.76,46.10,1502,1255,1547,0,ON
2026-01-12 17:42:51.050,29.8,13.67,3.226,19146,109.65,46.21,1494,1260,1539,0,ON
2026-01-12 17:42:51.714,29.8,13.64,3.230,19146,109.54,46.31,1490,1247,1535,0,ON
2026-01-12 17:42:52.404,29.8,13.60,3.234,19294,109.43,46.43,1492,1243,1533,0,ON
2026-01-12 17:42:53.076,29.8,13.54,3.239,19294,109.31,46.55,1488,1247,1534,0,ON
2026-01-12 17:42:53.759,29.8,13.75,3.218,19476,109.22,46.64,1495,1256,1542,0,ON
2026-01-12 17:42:54.423,29.8,13.80,3.213,19476,109.10,46.76,1473,1229,1512,0,ON
2026-01-12 17:42:55.109,29.8,13.73,3.221,19610,109.00,46.86,1492,1245,1536,0,ON
2026-01-12 17:42:55.775,29.8,13.79,3.214,19610,108.89,46.96,1497,1262,1545,0,ON
2026-01-12 17:42:56.459,29.8,13.86,3.207,19779,108.79,47.07,1504,1268,1551,0,ON
2026-01-12 17:42:57.122,29.8,13.95,3.198,19779,108.68,47.18,1503,1255,1549,0,ON
2026-01-12 17:42:57.805,29.8,13.87,3.205,19933,108.56,47.30,1494,1261,1541,0,ON
2026-01-12 17:42:58.470,29.8,13.79,3.214,19933,108.46,47.40,1495,1267,1540,0,ON
2026-01-12 17:42:59.154,29.8,14.00,3.193,20088,108.35,47.51,1495,1250,1537,0,ON
2026-01-12 17:42:59.820,29.8,13.88,3.205,20088,108.24,47.61,1500,1252,1545,0,ON
2026-01-12 17:43:00.508,29.8,13.91,3.201,20227,108.13,47.72,1492,1256,1538,0,ON
2026-01-12 17:43:01.171,29.8,14.00,3.184,20227,108.02,47.84,1486,1251,1530,0,ON
2026-01-12 17:43:01.856,29.8,14.00,3.187,20403,107.93,47.93,1508,1260,1552,0,ON
2026-01-12 17:43:02.526,29.8,14.00,3.192,20403,107.80,48.05,1488,1243,1530,0,ON
2026-01-12 17:43:03.212,29.8,14.00,3.172,20563,107.70,48.16,1499,1259,1543,0,ON
2026-01-12 17:43:03.878,29.8,14.00,3.177,20563,107.60,48.26,1511,1283,1562,0,ON
2026-01-12 17:43:04.567,29.8,14.00,3.181,20689,107.47,48.39,1498,1258,1542,0,ON
2026-01-12 17:43:05.231,29.8,14.00,3.176,20689,107.37,48.49,1506,1269,1552,0,ON
2026-01-12 17:43:05.917,29.8,14.00,3.190,20797,107.27,48.59,1479,1243,1523,0,ON
2026-01-12 17:43:06.583,29.8,14.00,3.175,20797,107.15,48.70,1506,1275,1553,0,ON
2026-01-12 17:43:07.269,29.8,14.00,3.184,20979,107.05,48.81,1500,1260,1547,0,ON
2026-01-12 17:43:07.935,29.8,14.00,3.188,20979,106.93,48.92,1506,1270,1555,0,ON
2026-01-12 17:43:08.617,29.8,14.00,3.168,21126,106.84,49.02,1504,1274,1548,0,ON
2026-01-12 17:43:09.279,29.8,14.00,3.182,21126,106.72,49.14,1498,1258,1541,0,ON
2026-01-12 17:43:09.967,29.8,14.00,3.180,21312,106.62,49.24,1519,1286,1564,0,ON
2026-01-12 17:43:10.630,29.8,14.00,3.161,21312,106.51,49.35,1494,1263,1541,0,ON
2026-01-12 17:43:11.314,29.8,14.00,3.164,21482,106.41,49.45,1506,1273,1552,0,ON
2026-01-12 17:43:11.988,29.8,14.00,3.149,21482,106.29,49.57,1505,1271,1550,0,ON
2026-01-12 17:43:12.673,29.7,14.00,3.176,21614,106.18,49.68,1503,1281,1551,0,ON
2026-01-12 17:43:13.341,29.8,14.00,3.159,21614,106.08,49.78,1514,1282,1561,0,ON
2026-01-12 17:43:14.024,29.8,14.00,3.164,21768,105.97,49.89,1507,1277,1555,0,ON
2026-01-12 17:43:14.688,29.8,14.00,3.152,21768,105.85,50.01,1527,1291,1574,0,ON
2026-01-12 17:43:15.370,29.8,14.00,3.163,21863,105.75,50.11,1511,1281,1557,0,ON
2026-01-12 17:43:16.042,29.7,14.00,3.164,21863,105.64,50.22,1500,1271,1546,0,ON
2026-01-12 17:43:16.725,29.7,14.00,3.169,22058,105.54,50.32,1492,1259,1534,0,ON
2026-01-12 17:43:17.389,29.8,14.00,3.163,22058,105.43,50.43,1494,1263,1539,0,ON
2026-01-12 17:43:18.075,29.8,14.00,3.168,22235,105.32,50.54,1518,1292,1566,0,ON
2026-01-12 17:43:18.741,29.7,14.00,3.165,22235,105.21,50.64,1504,1282,1549,0,ON
2026-01-12 17:43:19.427,29.8,14.00,3.167,22315,105.10,50.75,1513,1281,1560,0,ON
2026-01-12 17:43:20.091,29.7,14.00,3.164,22315,105.00,50.86,1529,1306,1578,0,ON
2026-01-12 17:43:20.776,29.8,14.00,3.167,22534,104.88,50.98,1499,1281,1545,0,ON
2026-01-12 17:43:21.440,29.7,14.00,3.148,22534,104.77,51.08,1525,1300,1573,0,ON
2026-01-12 17:43:22.123,29.7,14.00,3.164,22655,104.67,51.19,1507,1279,1551,0,ON
2026-01-12 17:43:22.785,29.7,14.00,3.159,22655,104.56,51.30,1521,1294,1572,0,ON
2026-01-12 17:43:23.471,29.7,14.00,3.133,22818,104.46,51.40,1521,1303,1572,0,ON
2026-01-12 17:43:24.136,29.7,14.00,3.166,22818,104.34,51.52,1518,1291,1565,0,ON
2026-01-12 17:43:24.822,29.7,14.00,3.141,22921,104.24,51.61,1504,1278,1548,0,ON
2026-01-12 17:43:25.491,29.7,14.00,3.158,22921,104.13,51.73,1497,1277,1542,0,ON
2026-01-12 17:43:26.174,29.7,14.00,3.148,23086,104.01,51.85,1520,1296,1566,0,ON
2026-01-12 17:43:26.841,29.7,14.00,3.147,23086,103.91,51.95,1502,1280,1546,0,ON
2026-01-12 17:43:27.534,29.7,14.00,3.133,23253,103.80,52.05,1515,1292,1562,0,ON
2026-01-12 17:43:28.200,29.7,14.00,3.146,23253,103.68,52.18,1518,1297,1563,0,ON
2026-01-12 17:43:28.886,29.7,14.00,3.151,23379,103.58,52.27,1517,1298,1563,0,ON
2026-01-12 17:43:29.552,29.7,14.00,3.145,23379,103.48,52.38,1538,1316,1586,0,ON
2026-01-12 17:43:30.236,29.7,14.00,3.158,23571,103.38,52.48,1525,1308,1573,0,ON
2026-01-12 17:43:30.900,29.7,14.00,3.154,23571,103.26,52.60,1523,1309,1571,0,ON
2026-01-12 17:43:31.589,29.6,14.00,3.159,23677,103.14,52.72,1519,1301,1564,0,ON
2026-01-12 17:43:32.257,29.6,14.00,3.134,23677,103.05,52.81,1505,1285,1549,0,ON
2026-01-12 17:43:32.944,29.6,14.00,3.153,23828,102.93,52.93,1543,1324,1589,0,ON
2026-01-12 17:43:33.610,29.7,14.00,3.151,23828,102.84,53.02,1516,1305,1564,0,ON
2026-01-12 17:43:34.295,29.7,14.00,3.174,23958,102.72,53.14,1533,1319,1580,0,ON
2026-01-12 17:43:34.959,29.6,14.00,3.153,23958,102.60,53.26,1512,1295,1555,0,ON
2026-01-12 17:43:35.641,29.6,14.00,3.153,24112,102.50,53.36,1515,1304,1562,0,ON
2026-01-12 17:43:36.305,29.7,14.00,3.150,24112,102.39,53.47,1537,1326,1585,0,ON
2026-01-12 17:43:36.993,29.6,14.00,3.162,24267,102.29,53.57,1516,1301,1560,0,ON
2026-01-12 17:43:37.659,29.6,14.00,3.141,24267,102.17,53.69,1521,1305,1565,0,ON
2026-01-12 17:43:38.344,29.6,14.00,3.141,24356,102.07,53.79,1534,1326,1583,0,ON
2026-01-12 17:43:39.016,29.6,14.00,3.146,24356,101.95,53.90,1538,1337,1593,0,ON
2026-01-12 17:43:39.700,29.6,14.00,3.157,24513,101.85,54.01,1531,1316,1576,0,ON
2026-01-12 17:43:40.366,29.6,14.00,3.151,24513,101.75,54.11,1530,1322,1579,0,ON
2026-01-12 17:43:41.056,29.6,14.00,3.139,24740,101.63,54.23,1557,1357,1615,0,ON
2026-01-12 17:43:41.720,29.6,14.00,3.141,24740,101.51,54.34,1530,1322,1580,0,ON
2026-01-12 17:43:42.402,29.6,14.00,3.141,24818,101.42,54.43,1537,1327,1585,0,ON
2026-01-12 17:43:43.065,29.6,14.00,3.147,24818,101.30,54.56,1537,1330,1587,0,ON
2026-01-12 17:43:43.748,29.6,14.00,3.140,24969,101.20,54.66,1518,1312,1566,0,ON
2026-01-12 17:43:44.413,29.6,14.00,3.149,24969,101.09,54.76,1530,1325,1579,0,ON
2026-01-12 17:43:45.098,29.6,14.00,3.154,25155,100.99,54.87,1540,1331,1590,0,ON
2026-01-12 17:43:45.762,29.6,14.00,3.143,25155,100.88,54.97,1527,1322,1576,0,ON
2026-01-12 17:43:46.451,29.6,14.00,3.147,25271,100.77,55.09,1546,1344,1600,0,ON
2026-01-12 17:43:47.115,29.6,14.00,3.147,25271,100.66,55.19,1525,1321,1575,0,ON
2026-01-12 17:43:47.802,29.6,14.00,3.141,25366,100.55,55.30,1537,1335,1590,0,ON
2026-01-12 17:43:48.468,29.6,14.00,3.142,25366,100.46,55.40,1529,1328,1580,0,ON
2026-01-12 17:43:49.152,29.6,14.00,3.155,25484,100.34,55.52,1539,1334,1591,0,ON
2026-01-12 17:43:49.816,29.6,14.00,3.143,25484,100.22,55.64,1542,1342,1597,0,ON
2026-01-12 17:43:50.509,29.6,14.00,3.143,25652,100.12,55.73,1525,1329,1580,0,ON
2026-01-12 17:43:51.180,29.6,14.00,3.148,25652,100.01,55.85,1548,1352,1606,0,ON
2026-01-12 17:43:51.866,29.6,14.00,3.151,25771,99.91,55.94,1556,1355,1613,0,ON
2026-01-12 17:43:52.537,29.6,14.00,3.136,25771,99.80,56.06,1538,1342,1593,0,ON
2026-01-12 17:43:53.219,29.6,14.00,3.130,25892,99.69,56.17,1545,1353,1605,0,ON
2026-01-12 17:43:53.886,29.6,14.00,3.136,25892,99.59,56.27,1527,1329,1581,0,ON
2026-01-12 17:43:54.573,29.6,14.00,3.132,26088,99.48,56.38,1552,1354,1609,0,ON
2026-01-12 17:43:55.238,29.6,14.00,3.133,26088,99.36,56.50,1557,1367,1620,0,ON
2026-01-12 17:43:55.924,29.6,14.00,3.123,26235,99.27,56.59,1537,1354,1601,0,ON
2026-01-12 17:43:56.589,29.6,14.00,3.147,26235,99.16,56.70,1558,1368,1620,0,ON
2026-01-12 17:43:57.272,29.6,14.00,3.135,26309,99.05,56.80,1554,1362,1615,0,ON
2026-01-12 17:43:57.939,29.6,14.00,3.135,26309,98.94,56.92,1553,1362,1613,0,ON
2026-01-12 17:43:58.623,29.6,14.00,3.131,26459,98.85,57.01,1555,1369,1620,0,ON
2026-01-12 17:43:59.291,29.6,14.00,3.119,26459,98.73,57.12,1548,1356,1607,0,ON
2026-01-12 17:43:59.977,29.6,14.00,3.129,26661,98.62,57.24,1566,1376,1629,0,ON
2026-01-12 17:44:00.644,29.6,14.00,3.123,26661,98.52,57.34,1533,1345,1593,0,ON
2026-01-12 17:44:01.327,29.6,14.00,3.131,26711,98.41,57.45,1543,1358,1605,0,ON
2026-01-12 17:44:02.000,29.6,14.00,3.133,26711,98.29,57.57,1557,1369,1617,0,ON
2026-01-12 17:44:02.683,29.6,14.00,3.112,26864,98.20,57.66,1548,1359,1608,0,ON
2026-01-12 17:44:03.350,29.6,14.00,3.127,26864,98.08,57.77,1562,1381,1625,0,ON
2026-01-12 17:44:04.040,29.6,14.00,3.124,27017,97.99,57.87,1548,1358,1594,0,ON
2026-01-12 17:44:04.703,29.6,14.00,3.118,27017,97.87,57.99,1558,1372,1621,0,ON
2026-01-12 17:44:05.388,29.6,14.00,3.131,27120,97.76,58.10,1564,1382,1607,0,ON
2026-01-12 17:44:06.055,29.6,14.00,3.133,27120,97.66,58.19,1542,1362,1602,0,ON
2026-01-12 17:44:06.740,29.6,14.00,3.129,27302,97.55,58.31,1553,1373,1609,0,ON
2026-01-12 17:44:07.409,29.6,14.00,3.130,27302,97.45,58.40,1553,1371,1614,0,ON
2026-01-12 17:44:08.094,29.6,14.00,3.120,27382,97.34,58.52,1554,1375,1611,0,ON
2026-01-12 17:44:08.762,29.6,14.00,3.110,27382,97.22,58.64,1543,1372,1601,0,ON
2026-01-12 17:44:09.443,29.6,14.00,3.104,27539,97.13,58.73,1553,1377,1610,0,ON
2026-01-12 17:44:10.105,29.5,14.00,3.113,27539,97.01,58.84,1554,1378,1610,0,ON
2026-01-12 17:44:10.797,29.6,14.00,3.127,27645,96.92,58.94,1539,1369,1597,0,ON
2026-01-12 17:44:11.464,29.6,14.00,3.114,27645,96.80,59.05,1576,1403,1637,0,ON
2026-01-12 17:44:12.148,29.5,14.00,3.119,27833,96.69,59.17,1565,1393,1625,0,ON
2026-01-12 17:44:12.816,29.6,14.00,3.132,27833,96.58,59.27,1559,1385,1619,0,ON
2026-01-12 17:44:13.503,29.6,14.00,3.116,27967,96.48,59.38,1567,1398,1626,0,ON
2026-01-12 17:44:14.166,29.5,14.00,3.099,27967,96.37,59.49,1559,1392,1616,0,ON
2026-01-12 17:44:14.849,29.6,14.00,3.123,28076,96.26,59.60,1582,1418,1643,0,ON
2026-01-12 17:44:15.520,29.6,14.00,3.107,28076,96.15,59.71,1553,1384,1609,0,ON
2026-01-12 17:44:16.205,29.6,14.00,3.131,28184,96.05,59.80,1580,1417,1643,0,ON
2026-01-12 17:44:16.871,29.5,14.00,3.121,28184,95.94,59.92,1572,1415,1609,0,ON
2026-01-12 17:44:17.557,29.5,14.00,3.132,28350,95.84,60.01,1558,1400,1621,0,ON
2026-01-12 17:44:18.220,29.5,14.00,3.102,28350,95.73,60.13,1569,1406,1624,0,ON
2026-01-12 17:44:18.904,29.5,14.00,3.121,28459,95.62,60.24,1559,1398,1617,0,ON
2026-01-12 17:44:19.568,29.5,14.00,3.117,28459,95.51,60.34,1571,1409,1627,0,ON
2026-01-12 17:44:20.252,29.6,14.00,3.124,28627,95.41,60.45,1570,1406,1627,0,ON
2026-01-12 17:44:20.924,29.5,14.00,3.116,28627,95.31,60.55,1572,1411,1631,0,ON
2026-01-12 17:44:21.606,29.5,14.00,3.102,28711,95.19,60.66,1566,1410,1625,0,ON
2026-01-12 17:44:22.272,29.6,14.00,3.111,28711,95.08,60.78,1566,1409,1622,0,ON
2026-01-12 17:44:22.956,29.5,14.00,3.105,28879,94.98,60.88,1568,1408,1622,0,ON
2026-01-12 17:44:23.619,29.5,14.00,3.116,28879,94.87,60.99,1561,1397,1610,0,ON
2026-01-12 17:44:24.302,29.5,14.00,3.111,28964,94.78,61.08,1574,1434,1647,0,ON
2026-01-12 17:44:24.975,29.6,14.00,3.117,28964,94.66,61.20,1550,1396,1603,0,ON
2026-01-12 17:44:25.659,29.5,14.00,3.122,29079,94.55,61.31,1572,1416,1628,0,ON
2026-01-12 17:44:26.322,29.5,14.00,3.123,29079,94.44,61.41,1577,1425,1636,0,ON
2026-01-12 17:44:27.004,29.5,14.00,3.104,29193,94.33,61.52,1568,1423,1629,0,ON
2026-01-12 17:44:27.671,29.5,14.00,3.105,29193,94.23,61.63,1581,1429,1639,0,ON
2026-01-12 17:44:28.355,29.5,14.00,3.092,29366,94.12,61.74,1571,1421,1629,0,ON
2026-01-12 17:44:29.019,29.6,14.00,3.109,29366,94.01,61.85,1574,1424,1631,0,ON
2026-01-12 17:44:29.703,29.4,14.00,3.110,29483,93.92,61.94,1578,1431,1637,0,ON
2026-01-12 17:44:30.376,29.5,14.00,3.099,29483,93.80,62.06,1574,1428,1632,0,ON
2026-01-12 17:44:31.059,29.5,14.00,3.101,29599,93.70,62.16,1590,1441,1649,0,ON
2026-01-12 17:44:31.726,29.4,14.00,3.111,29599,93.59,62.27,1578,1437,1640,0,ON
2026-01-12 17:44:32.416,29.4,14.00,3.102,29717,93.49,62.37,1574,1430,1627,0,ON
2026-01-12 17:44:33.079,29.5,14.00,3.105,29717,93.39,62.47,1564,1424,1619,0,ON
2026-01-12 17:44:33.764,29.4,14.00,3.115,29776,93.27,62.59,1575,1432,1631,0,ON
2026-01-12 17:44:34.436,29.5,14.00,3.098,29776,93.17,62.69,1585,1445,1634,0,ON
2026-01-12 17:44:35.118,29.5,14.00,3.122,30014,93.05,62.80,1582,1448,1643,0,ON
2026-01-12 17:44:35.784,29.4,14.00,3.115,30014,92.95,62.91,1595,1461,1655,0,ON
2026-01-12 17:44:36.466,29.4,14.00,3.111,30074,92.84,63.01,1582,1447,1640,0,ON
2026-01-12 17:44:37.129,29.4,14.00,3.106,30074,92.73,63.13,1584,1452,1644,0,ON
2026-01-12 17:44:37.813,29.4,14.00,3.114,30224,92.64,63.22,1587,1452,1645,0,ON
2026-01-12 17:44:38.476,29.4,14.00,3.115,30224,92.52,63.33,1577,1441,1634,0,ON
2026-01-12 17:44:39.159,29.4,14.00,3.126,30346,92.42,63.44,1580,1448,1636,0,ON
2026-01-12 17:44:39.824,29.4,14.00,3.126,30346,92.31,63.55,1574,1446,1633,0,ON
2026-01-12 17:44:40.508,29.4,14.00,3.099,30437,92.21,63.65,1605,1477,1667,0,ON
2026-01-12 17:44:41.169,29.5,14.00,3.110,30437,92.10,63.75,1590,1463,1651,0,ON
2026-01-12 17:44:41.853,29.4,14.00,3.104,30560,91.99,63.87,1577,1451,1635,0,ON
2026-01-12 17:44:42.520,29.4,14.00,3.112,30560,91.89,63.97,1598,1471,1659,0,ON
2026-01-12 17:44:43.203,29.4,14.00,3.113,30713,91.78,64.08,1584,1458,1644,0,ON
2026-01-12 17:44:43.874,29.4,14.00,3.119,30713,91.68,64.18,1598,1473,1657,0,ON
2026-01-12 17:44:44.556,29.4,14.00,3.110,30806,91.56,64.29,1585,1460,1643,0,ON
2026-01-12 17:44:45.219,29.4,14.00,3.114,30806,91.45,64.40,1582,1459,1637,0,ON
2026-01-12 17:44:45.902,29.4,14.00,3.103,30868,91.35,64.50,1606,1484,1667,0,ON
2026-01-12 17:44:46.567,29.4,14.00,3.105,30868,91.24,64.62,1589,1473,1652,0,ON
2026-01-12 17:44:47.252,29.4,14.00,3.115,31056,91.14,64.71,1613,1494,1674,0,ON
2026-01-12 17:44:47.914,29.4,14.00,3.101,31056,91.03,64.82,1594,1476,1654,0,ON
2026-01-12 17:44:48.600,29.4,14.00,3.102,31151,90.93,64.93,1595,1480,1655,0,ON
2026-01-12 17:44:49.265,29.4,14.00,3.113,31151,90.82,65.04,1597,1483,1657,0,ON
2026-01-12 17:44:49.954,29.4,14.00,3.113,31277,90.71,65.15,1593,1479,1651,0,ON
2026-01-12 17:44:50.621,29.4,14.00,3.114,31277,90.61,65.24,1611,1498,1672,0,ON
2026-01-12 17:44:51.309,29.4,14.00,3.106,31404,90.49,65.36,1584,1473,1643,0,ON
2026-01-12 17:44:51.970,29.4,14.00,3.107,31404,90.38,65.47,1606,1495,1667,0,ON
2026-01-12 17:44:52.653,29.4,14.00,3.112,31501,90.28,65.57,1589,1480,1648,0,ON
2026-01-12 17:44:53.322,29.4,14.00,3.107,31501,90.17,65.69,1609,1501,1672,0,ON
2026-01-12 17:44:54.006,29.4,14.00,3.112,31598,90.07,65.78,1596,1490,1655,0,ON
2026-01-12 17:44:54.671,29.4,14.00,3.112,31598,89.96,65.90,1592,1488,1651,0,ON
2026-01-12 17:44:55.357,29.4,14.00,3.109,31727,89.86,65.99,1604,1499,1664,0,ON
2026-01-12 17:44:56.024,29.4,14.00,3.106,31727,89.75,66.11,1599,1494,1661,0,ON
2026-01-12 17:44:56.706,29.4,14.00,3.108,31857,89.64,66.22,1606,1508,1669,0,ON
2026-01-12 17:44:57.371,29.4,14.00,3.106,31857,89.54,66.32,1597,1494,1657,0,ON
2026-01-12 17:44:58.053,29.4,14.00,3.114,31999,89.43,66.43,1614,1517,1679,0,ON
2026-01-12 17:44:58.721,29.4,14.00,3.092,31999,89.32,66.53,1598,1498,1657,0,ON
2026-01-12 17:44:59.406,29.4,14.00,3.081,32098,89.21,66.65,1597,1500,1657,0,ON
2026-01-12 17:45:00.071,29.4,14.00,3.095,32098,89.10,66.76,1611,1515,1674,0,ON
2026-01-12 17:45:00.761,29.4,14.00,3.091,32251,89.00,66.86,1600,1504,1660,0,ON
2026-01-12 17:45:01.425,29.4,14.00,3.098,32251,88.89,66.97,1623,1529,1688,0,ON
2026-01-12 17:45:02.110,29.4,14.00,3.096,32384,88.79,67.07,1606,1515,1668,0,ON
2026-01-12 17:45:02.775,29.4,14.00,3.087,32384,88.68,67.18,1609,1536,1686,0,ON
2026-01-12 17:45:03.460,29.4,14.00,3.094,32452,88.57,67.29,1615,1527,1677,0,ON
2026-01-12 17:45:04.132,29.4,14.00,3.102,32452,88.47,67.39,1604,1513,1662,0,ON
2026-01-12 17:45:04.813,29.4,14.00,3.081,32552,88.35,67.50,1612,1525,1675,0,ON
2026-01-12 17:45:05.478,29.4,14.00,3.082,32552,88.26,67.60,1608,1523,1670,0,ON
2026-01-12 17:45:06.166,29.4,14.00,3.077,32700,88.14,67.72,1612,1527,1675,0,ON
2026-01-12 17:45:06.830,29.4,14.00,3.089,32700,88.03,67.83,1603,1521,1664,0,ON
2026-01-12 17:45:07.517,29.4,14.00,3.082,32755,87.93,67.93,1595,1513,1654,0,ON
2026-01-12 17:45:08.188,29.4,14.00,3.102,32755,87.82,68.04,1623,1543,1686,0,ON
2026-01-12 17:45:08.871,29.4,14.00,3.092,32960,87.72,68.14,1602,1521,1665,0,ON
2026-01-12 17:45:09.540,29.4,14.00,3.076,32960,87.61,68.25,1603,1523,1663,0,ON
2026-01-12 17:45:10.230,29.4,14.00,3.091,33029,87.49,68.37,1618,1542,1683,0,ON
2026-01-12 17:45:10.894,29.4,14.00,3.082,33029,87.40,68.45,1615,1537,1674,0,ON
2026-01-12 17:45:11.581,29.4,14.00,3.096,33145,87.29,68.57,1617,1541,1680,0,ON
2026-01-12 17:45:12.250,29.4,14.00,3.081,33145,87.18,68.68,1622,1552,1686,0,ON
2026-01-12 17:45:12.934,29.4,14.00,3.085,33306,87.08,68.78,1619,1546,1680,0,ON
2026-01-12 17:45:13.598,29.3,14.00,3.097,33306,86.96,68.89,1602,1529,1660,0,ON
2026-01-12 17:45:14.285,29.4,14.00,3.094,33340,86.87,68.99,1621,1552,1684,0,ON
2026-01-12 17:45:14.950,29.3,14.00,3.101,33340,86.75,69.11,1623,1555,1687,0,ON
2026-01-12 17:45:15.637,29.3,14.00,3.087,33480,86.66,69.20,1626,1559,1690,0,ON
2026-01-12 17:45:16.300,29.4,14.00,3.094,33480,86.55,69.31,1633,1566,1697,0,ON
2026-01-12 17:45:16.987,29.4,14.00,3.096,33692,86.43,69.43,1608,1544,1672,0,ON
2026-01-12 17:45:17.653,29.3,14.00,3.085,33692,86.33,69.52,1621,1558,1684,0,ON
2026-01-12 17:45:18.335,29.3,14.00,3.084,33727,86.22,69.64,1620,1558,1682,0,ON
2026-01-12 17:45:18.998,29.4,14.00,3.076,33727,86.11,69.75,1630,1570,1697,0,ON
2026-01-12 17:45:19.685,29.4,14.00,3.079,33870,86.00,69.86,1632,1574,1698,0,ON
2026-01-12 17:45:20.347,29.3,14.00,3.085,33870,85.89,69.96,1620,1566,1687,0,ON
2026-01-12 17:45:21.033,29.3,14.00,3.085,33977,85.79,70.07,1639,1584,1706,0,ON
2026-01-12 17:45:21.701,29.3,14.00,3.086,33977,85.68,70.18,1618,1562,1682,0,ON
2026-01-12 17:45:22.385,29.4,14.00,3.090,34085,85.58,70.28,1617,1563,1681,0,ON
2026-01-12 17:45:23.052,29.4,14.00,3.081,34085,85.47,70.38,1638,1587,1704,0,ON
2026-01-12 17:45:23.741,29.4,14.00,3.090,34157,85.36,70.50,1618,1564,1680,0,ON
2026-01-12 17:45:24.406,29.4,14.00,3.084,34157,85.26,70.60,1643,1593,1710,0,ON
2026-01-12 17:45:25.089,29.3,14.00,3.075,34265,85.14,70.71,1618,1569,1683,0,ON
2026-01-12 17:45:25.757,29.4,14.00,3.104,34265,85.03,70.82,1628,1592,1705,0,ON
2026-01-12 17:45:26.440,29.4,14.00,3.070,34375,84.94,70.92,1634,1587,1697,0,ON
2026-01-12 17:45:27.107,29.4,14.00,3.062,34375,84.82,71.04,1615,1569,1679,0,ON
2026-01-12 17:45:27.788,29.4,14.00,3.075,34521,84.73,71.13,1644,1603,1711,0,ON
2026-01-12 17:45:28.453,29.4,14.00,3.072,34521,84.61,71.24,1629,1591,1696,0,ON
2026-01-12 17:45:29.142,29.4,14.00,3.068,34595,84.52,71.34,1638,1597,1704,0,ON
2026-01-12 17:45:29.808,29.3,14.00,3.103,34595,84.40,71.45,1637,1598,1703,0,ON
2026-01-12 17:45:30.490,29.4,14.00,3.086,34669,84.29,71.57,1624,1587,1689,0,ON
2026-01-12 17:45:31.156,29.3,14.00,3.090,34669,84.19,71.67,1646,1609,1711,0,ON
2026-01-12 17:45:31.839,29.3,14.00,3.086,34818,84.08,71.78,1636,1600,1702,0,ON
2026-01-12 17:45:32.506,29.4,14.00,3.099,34818,83.98,71.88,1639,1604,1704,0,ON
2026-01-12 17:45:33.191,29.4,14.00,3.092,34892,83.87,71.99,1642,1611,1710,0,ON
2026-01-12 17:45:33.854,29.3,14.00,3.093,34892,83.76,72.10,1633,1602,1699,0,ON
2026-01-12 17:45:34.541,29.3,14.00,3.095,35004,83.66,72.20,1650,1621,1716,0,ON
2026-01-12 17:45:35.215,29.3,14.00,3.099,35004,83.54,72.32,1630,1600,1694,0,ON
2026-01-12 17:45:35.897,29.3,14.00,3.099,35155,83.44,72.41,1652,1629,1723,0,ON
2026-01-12 17:45:36.562,29.4,14.00,3.104,35155,83.33,72.52,1643,1620,1710,0,ON
2026-01-12 17:45:37.250,29.3,14.00,3.097,35268,83.22,72.64,1639,1615,1707,0,ON
2026-01-12 17:45:37.915,29.3,14.00,3.086,35268,83.12,72.74,1645,1622,1711,0,ON
2026-01-12 17:45:38.600,29.3,14.00,3.093,35268,83.00,72.85,1643,1624,1713,0,ON
2026-01-12 17:45:39.264,29.3,14.00,3.097,35268,82.91,72.95,1652,1637,1723,0,ON
2026-01-12 17:45:39.947,29.3,14.00,3.085,35497,82.80,73.06,1649,1632,1715,0,ON
2026-01-12 17:45:40.611,29.3,14.00,3.098,35497,82.68,73.18,1631,1612,1696,0,ON
2026-01-12 17:45:41.292,29.3,14.00,3.097,35574,82.58,73.27,1645,1631,1712,0,ON
2026-01-12 17:45:41.957,29.3,14.00,3.102,35574,82.47,73.38,1638,1623,1703,0,ON
2026-01-12 17:45:42.643,29.3,14.00,3.101,35650,82.38,73.48,1637,1638,1716,0,ON
2026-01-12 17:45:43.306,29.3,14.00,3.102,35650,82.26,73.60,1653,1645,1722,0,ON
2026-01-12 17:45:43.991,29.3,14.00,3.090,35728,82.16,73.70,1629,1620,1693,0,ON
2026-01-12 17:45:44.659,29.3,14.00,3.094,35728,82.04,73.81,1658,1650,1725,0,ON
2026-01-12 17:45:45.340,29.3,14.00,3.096,35844,81.93,73.92,1629,1621,1694,0,ON
2026-01-12 17:45:46.004,29.3,14.00,3.107,35844,81.83,74.03,1655,1649,1722,0,ON
2026-01-12 17:45:46.694,29.3,14.00,3.086,35961,81.72,74.14,1658,1657,1724,0,ON
2026-01-12 17:45:47.360,29.3,14.00,3.090,35961,81.62,74.24,1658,1658,1724,0,ON
2026-01-12 17:45:48.047,29.3,14.00,3.094,36079,81.51,74.35,1659,1657,1724,0,ON
2026-01-12 17:45:48.718,29.3,14.00,3.090,36079,81.40,74.46,1656,1655,1724,0,ON
2026-01-12 17:45:49.404,29.3,14.00,3.083,36236,81.30,74.56,1659,1663,1729,0,ON
2026-01-12 17:45:50.070,29.3,14.00,3.070,36236,81.18,74.67,1639,1641,1705,0,ON
2026-01-12 17:45:50.754,29.3,14.00,3.066,36355,81.09,74.77,1654,1659,1720,0,ON
2026-01-12 17:45:51.426,29.3,14.00,3.074,36355,80.98,74.88,1650,1657,1718,0,ON
2026-01-12 17:45:52.112,29.3,14.00,3.086,36395,80.86,74.99,1650,1658,1717,0,ON
2026-01-12 17:45:52.776,29.3,14.00,3.079,36395,80.76,75.09,1647,1656,1715,0,ON
2026-01-12 17:45:53.462,29.3,14.00,3.076,36514,80.65,75.21,1650,1661,1717,0,ON
2026-01-12 17:45:54.130,29.3,14.00,3.071,36514,80.53,75.32,1664,1677,1734,0,ON
2026-01-12 17:45:54.813,29.3,14.00,3.082,36634,80.44,75.42,1641,1653,1707,0,ON
2026-01-12 17:45:55.477,29.3,14.00,3.087,36634,80.33,75.53,1664,1679,1733,0,ON
2026-01-12 17:45:56.164,29.3,14.00,3.103,36756,80.23,75.62,1650,1666,1718,0,ON
2026-01-12 17:45:56.827,29.3,14.00,3.089,36756,80.12,75.74,1663,1680,1731,0,ON
2026-01-12 17:45:57.511,29.3,14.00,3.102,36796,80.02,75.84,1651,1669,1717,0,ON
2026-01-12 17:45:58.179,29.3,14.00,3.081,36796,79.91,75.95,1663,1685,1734,0,ON
2026-01-12 17:45:58.862,29.3,14.00,3.088,36903,79.79,76.07,1670,1697,1744,0,ON
2026-01-12 17:45:59.527,29.3,14.00,3.092,36903,79.69,76.17,1644,1668,1710,0,ON
2026-01-12 17:46:00.211,29.3,14.00,3.080,37040,79.58,76.28,1663,1688,1731,0,ON
2026-01-12 17:46:00.875,29.3,14.00,3.094,37040,79.48,76.38,1647,1672,1714,0,ON
2026-01-12 17:46:01.558,29.3,14.00,3.095,37163,79.36,76.49,1679,1714,1754,0,ON
2026-01-12 17:46:02.224,29.3,14.00,3.090,37163,79.25,76.60,1662,1694,1731,0,ON
2026-01-12 17:46:02.907,29.3,14.00,3.095,37204,79.15,76.71,1655,1688,1724,0,ON
2026-01-12 17:46:03.570,29.3,14.00,3.090,37204,79.04,76.82,1671,1706,1742,0,ON
2026-01-12 17:46:04.259,29.3,14.00,3.090,37328,78.94,76.92,1661,1698,1734,0,ON
2026-01-12 17:46:04.923,29.3,14.00,3.098,37328,78.82,77.04,1664,1699,1732,0,ON
2026-01-12 17:46:05.607,29.2,14.00,3.091,37493,78.72,77.14,1652,1689,1720,0,ON
2026-01-12 17:46:06.273,29.3,14.00,3.088,37493,78.60,77.25,1678,1720,1750,0,ON
2026-01-12 17:46:06.956,29.3,14.00,3.096,37535,78.49,77.36,1682,1728,1757,0,ON
2026-01-12 17:46:07.619,29.3,14.00,3.068,37535,78.39,77.47,1664,1706,1749,0,ON
2026-01-12 17:46:08.309,29.3,14.00,3.074,37619,78.28,77.58,1663,1706,1730,0,ON
2026-01-12 17:46:08.975,29.3,14.00,3.075,37619,78.16,77.69,1649,1693,1719,0,ON
2026-01-12 17:46:09.657,29.3,14.00,3.071,37744,78.06,77.80,1675,1723,1747,0,ON
2026-01-12 17:46:10.320,29.3,14.00,3.073,37744,77.95,77.91,1675,1727,1748,0,ON
2026-01-12 17:46:11.002,29.3,14.00,3.072,37913,77.84,78.01,1672,1724,1742,0,ON
2026-01-12 17:46:11.667,29.3,14.00,3.076,37913,77.73,78.13,1658,1705,1724,0,ON
2026-01-12 17:46:12.350,29.3,14.00,3.063,37956,77.64,78.22,1676,1732,1749,0,ON
2026-01-12 17:46:13.015,29.3,14.00,3.068,37956,77.52,78.34,1669,1723,1738,0,ON
2026-01-12 17:46:13.699,29.2,14.00,3.055,38041,77.42,78.44,1652,1704,1719,0,ON
2026-01-12 17:46:14.365,29.3,14.00,3.058,38041,77.31,78.55,1681,1742,1755,0,ON
2026-01-12 17:46:15.049,29.2,14.00,3.054,38126,77.19,78.67,1666,1724,1735,0,ON
2026-01-12 17:46:15.713,29.3,14.00,3.072,38126,77.09,78.77,1668,1726,1735,0,ON
2026-01-12 17:46:16.397,29.3,14.00,3.058,38255,76.98,78.88,1666,1727,1734,0,ON
2026-01-12 17:46:17.060,29.3,14.00,3.067,38255,76.88,78.98,1670,1736,1743,0,ON
2026-01-12 17:46:17.747,29.3,14.00,3.021,38255,76.76,79.10,1677,1744,1748,0,ON
2026-01-12 17:46:18.410,29.3,14.00,3.032,38255,76.65,79.21,1668,1734,1739,0,ON
2026-01-12 17:46:19.094,29.3,14.00,3.021,38384,76.55,79.31,1676,1749,1750,0,ON
2026-01-12 17:46:19.762,29.3,14.00,3.015,38384,76.44,79.42,1672,1746,1747,0,ON
2026-01-12 17:46:20.447,29.2,14.00,3.018,38470,76.33,79.53,1681,1755,1755,0,ON
2026-01-12 17:46:21.111,29.3,14.00,3.026,38470,76.22,79.64,1675,1746,1743,0,ON
2026-01-12 17:46:21.804,29.2,14.00,3.011,38600,76.11,79.75,1672,1748,1745,0,ON
2026-01-12 17:46:22.469,29.2,14.00,3.031,38600,76.00,79.86,1678,1753,1749,0,ON
2026-01-12 17:46:23.151,29.2,14.00,3.020,38688,75.89,79.97,1661,1737,1731,0,ON
2026-01-12 17:46:23.821,29.2,14.00,3.019,38688,75.80,80.06,1686,1765,1757,0,ON
2026-01-12 17:46:24.505,29.2,14.00,3.013,38775,75.67,80.19,1671,1752,1742,0,ON
2026-01-12 17:46:25.168,29.3,14.00,3.027,38775,75.56,80.29,1685,1771,1758,0,ON
2026-01-12 17:46:25.859,29.3,14.00,3.002,38907,75.46,80.40,1677,1762,1749,0,ON
2026-01-12 17:46:26.522,29.3,14.00,3.018,38907,75.35,80.51,1683,1767,1754,0,ON
2026-01-12 17:46:27.205,29.2,14.00,3.014,38995,75.25,80.61,1689,1777,1762,0,ON
2026-01-12 17:46:27.876,29.2,14.00,3.027,38995,75.14,80.72,1670,1754,1738,0,ON
2026-01-12 17:46:28.562,29.2,14.00,3.019,39083,75.03,80.83,1686,1777,1757,0,ON
2026-01-12 17:46:29.226,29.3,14.00,3.035,39083,74.92,80.93,1662,1748,1730,0,ON
2026-01-12 17:46:29.913,29.3,14.00,3.021,39216,74.81,81.05,1687,1781,1758,0,ON
2026-01-12 17:46:30.577,29.2,14.00,3.018,39216,74.69,81.16,1684,1782,1760,0,ON
2026-01-12 17:46:31.259,29.2,14.00,3.002,39261,74.60,81.25,1681,1775,1751,0,ON
2026-01-12 17:46:31.926,29.2,14.00,3.010,39261,74.48,81.38,1689,1788,1748,0,ON
2026-01-12 17:46:32.609,29.2,14.00,3.018,39351,74.38,81.48,1679,1779,1761,0,ON
2026-01-12 17:46:33.276,29.3,14.00,3.014,39351,74.26,81.60,1689,1790,1761,0,ON
2026-01-12 17:46:33.961,29.2,14.00,3.018,39486,74.16,81.70,1694,1799,1769,0,ON
2026-01-12 17:46:34.627,29.2,14.00,3.019,39486,74.05,81.81,1689,1793,1761,0,ON
2026-01-12 17:46:35.309,29.2,14.00,3.007,39621,73.94,81.92,1686,1789,1756,0,ON
2026-01-12 17:46:35.974,29.3,14.00,3.020,39621,73.84,82.02,1676,1779,1745,0,ON
2026-01-12 17:46:36.658,29.2,14.00,3.006,39713,73.72,82.14,1693,1804,1766,0,ON
2026-01-12 17:46:37.322,29.2,14.00,3.018,39713,73.62,82.24,1676,1786,1749,0,ON
2026-01-12 17:46:38.006,29.2,14.00,3.015,39758,73.51,82.34,1697,1812,1771,0,ON
2026-01-12 17:46:38.670,29.2,14.00,3.018,39758,73.39,82.47,1689,1804,1764,0,ON
2026-01-12 17:46:39.354,29.1,14.00,3.012,39894,73.29,82.56,1692,1808,1765,0,ON
2026-01-12 17:46:40.021,29.2,14.00,3.010,39894,73.18,82.68,1697,1818,1773,0,ON
2026-01-12 17:46:40.704,29.3,14.00,3.006,39941,73.08,82.77,1685,1803,1759,0,ON
2026-01-12 17:46:41.367,29.2,14.00,3.010,39941,72.97,82.89,1695,1815,1767,0,ON
2026-01-12 17:46:42.053,29.2,14.00,3.019,40079,72.86,82.99,1682,1803,1757,0,ON
2026-01-12 17:46:42.717,29.2,14.00,3.009,40079,72.75,83.10,1711,1840,1790,0,ON
2026-01-12 17:46:43.402,29.2,14.00,3.016,40125,72.64,83.22,1685,1807,1756,0,ON
2026-01-12 17:46:44.070,29.2,14.00,3.010,40125,72.54,83.31,1694,1820,1766,0,ON
2026-01-12 17:46:44.752,29.2,14.00,3.017,40264,72.43,83.43,1696,1824,1770,0,ON
2026-01-12 17:46:45.418,29.2,14.00,3.007,40264,72.32,83.53,1689,1817,1762,0,ON
2026-01-12 17:46:46.102,29.2,14.00,3.011,40310,72.21,83.65,1702,1833,1775,0,ON
2026-01-12 17:46:46.766,29.2,14.00,3.002,40310,72.10,83.76,1690,1822,1765,0,ON
2026-01-12 17:46:47.459,29.2,14.00,3.016,40404,72.00,83.86,1702,1837,1776,0,ON
2026-01-12 17:46:48.128,29.2,14.00,3.023,40404,71.89,83.97,1688,1822,1761,0,ON
2026-01-12 17:46:48.811,29.2,14.00,3.015,40497,71.79,84.07,1700,1840,1775,0,ON
2026-01-12 17:46:49.480,29.1,14.00,3.020,40497,71.67,84.19,1697,1838,1772,0,ON
