SampleIndex,Timestamp,Temp,pH,Volt,EC,Weight,Weightloss,R,G,B,C,RelayStatus
0,2026-05-19 09:57:45.478,29.1,2.64,4.472,17079,202.92,0.23,2064,3335,2535,8649,ON
1,2026-05-19 09:57:45.978,29.1,2.66,4.472,17084,202.82,0.32,2068,3339,2540,8733,ON
2,2026-05-19 09:57:46.478,29.0,2.67,4.477,17089,202.72,0.42,2076,3351,2549,8679,ON
3,2026-05-19 09:57:46.978,29.0,2.73,4.481,17099,202.61,0.53,2081,3356,2553,8797,ON
4,2026-05-19 09:57:47.478,29.1,2.72,4.437,17110,202.52,0.63,2076,3349,2547,8649,ON
5,2026-05-19 09:57:47.978,29.0,2.72,4.467,17125,202.42,0.72,2083,3357,2552,8826,ON
6,2026-05-19 09:57:48.478,29.0,2.74,4.453,17140,202.30,0.85,2073,3343,2542,8651,ON
7,2026-05-19 09:57:48.978,29.0,2.74,4.462,17157,202.20,0.94,2081,3355,2551,8691,ON
8,2026-05-19 09:57:49.478,29.0,2.68,4.489,17176,202.10,1.05,2074,3345,2544,8706,ON
9,2026-05-19 09:57:49.978,29.1,2.64,4.501,17202,201.99,1.15,2067,3335,2539,8687,ON
10,2026-05-19 09:57:50.478,29.1,2.67,4.471,17226,201.90,1.25,2063,3329,2535,8707,ON
11,2026-05-19 09:57:50.978,29.1,2.76,4.377,17249,201.80,1.35,2063,3330,2537,8582,ON
12,2026-05-19 09:57:51.478,29.1,2.79,4.444,17268,201.70,1.45,2077,3348,2549,8713,ON
13,2026-05-19 09:57:51.978,29.1,2.88,4.466,17292,201.60,1.55,2071,3340,2543,8598,ON
14,2026-05-19 09:57:52.478,29.1,2.82,4.467,17320,201.50,1.65,2082,3356,2554,8747,ON
15,2026-05-19 09:57:52.978,29.1,2.80,4.389,17346,201.39,1.76,2086,3360,2557,8701,ON
16,2026-05-19 09:57:53.478,29.1,2.84,4.460,17363,201.29,1.86,2095,3373,2566,8747,ON
17,2026-05-19 09:57:53.978,29.1,2.80,4.468,17383,201.18,1.96,2087,3365,2561,8826,ON
18,2026-05-19 09:57:54.478,29.1,2.84,4.453,17403,201.07,2.07,2088,3367,2562,8743,ON
19,2026-05-19 09:57:54.978,29.1,2.86,4.454,17419,200.98,2.17,2088,3367,2562,8827,ON
20,2026-05-19 09:57:55.478,29.1,2.91,4.443,17443,200.87,2.27,2083,3359,2557,8729,ON
21,2026-05-19 09:57:55.978,29.1,2.89,4.450,17473,200.77,2.37,2079,3350,2551,8690,ON
22,2026-05-19 09:57:56.478,29.2,2.91,4.450,17499,200.68,2.47,2070,3340,2544,8640,ON
23,2026-05-19 09:57:56.978,29.2,2.96,4.424,17520,200.57,2.57,2080,3352,2553,8680,ON
24,2026-05-19 09:57:57.478,29.2,2.94,4.423,17540,200.46,2.68,2082,3357,2557,8791,ON
25,2026-05-19 09:57:57.978,29.2,2.98,4.452,17559,200.36,2.78,2092,3371,2567,8763,ON
26,2026-05-19 09:57:58.478,29.2,2.94,4.442,17580,200.26,2.88,2098,3380,2573,8821,ON
27,2026-05-19 09:57:58.978,29.2,2.95,4.431,17601,200.15,2.99,2089,3367,2564,8720,ON
28,2026-05-19 09:57:59.478,29.2,2.88,4.457,17629,200.05,3.09,2098,3378,2571,8814,ON
29,2026-05-19 09:57:59.978,29.2,2.95,4.438,17657,199.95,3.20,2098,3381,2573,8710,ON
30,2026-05-19 09:58:00.478,29.2,2.98,4.446,17681,199.84,3.30,2101,3385,2577,8782,ON
31,2026-05-19 09:58:00.978,29.2,2.98,4.381,17709,199.75,3.40,2091,3370,2566,8780,ON
32,2026-05-19 09:58:01.478,29.2,2.98,4.450,17730,199.64,3.50,2098,3383,2575,8782,ON
33,2026-05-19 09:58:01.978,29.2,3.02,4.424,17754,199.54,3.61,2090,3369,2567,8781,ON
34,2026-05-19 09:58:02.478,29.2,3.05,4.427,17778,199.44,3.71,2085,3360,2560,8710,ON
35,2026-05-19 09:58:02.978,29.3,3.03,4.447,17806,199.33,3.81,2085,3360,2560,8822,ON
36,2026-05-19 09:58:03.478,29.3,2.97,4.454,17835,199.23,3.91,2085,3361,2560,8689,ON
37,2026-05-19 09:58:03.978,29.3,2.96,4.437,17864,199.12,4.02,2096,3375,2570,8804,ON
38,2026-05-19 09:58:04.478,29.3,3.05,4.447,17890,199.03,4.12,2093,3373,2568,8687,ON
39,2026-05-19 09:58:04.978,29.3,3.09,4.425,17909,198.92,4.23,2103,3384,2569,8790,ON
40,2026-05-19 09:58:05.478,29.3,3.06,4.430,17928,198.81,4.34,2089,3367,2562,8791,ON
41,2026-05-19 09:58:05.978,29.3,3.10,4.436,17947,198.72,4.43,2108,3393,2582,8804,ON
42,2026-05-19 09:58:06.478,29.4,3.10,4.444,17967,198.61,4.53,2103,3387,2576,8938,ON
43,2026-05-19 09:58:06.978,29.4,3.08,4.412,17989,198.51,4.64,2110,3397,2585,8827,ON
44,2026-05-19 09:58:07.478,29.4,3.07,4.434,18016,198.41,4.74,2109,3397,2576,8916,ON
45,2026-05-19 09:58:07.978,29.4,3.09,4.414,18039,198.31,4.84,2104,3388,2577,8729,ON
46,2026-05-19 09:58:08.478,29.4,3.11,4.451,18062,198.21,4.93,2101,3384,2576,8837,ON
47,2026-05-19 09:58:08.978,29.4,3.04,4.413,18085,198.10,5.04,2091,3370,2571,8675,ON
48,2026-05-19 09:58:09.478,29.4,3.08,4.452,18108,198.01,5.14,2087,3363,2563,8747,ON
49,2026-05-19 09:58:09.978,29.4,3.11,4.419,18136,197.89,5.26,2089,3367,2562,8787,ON
50,2026-05-19 09:58:10.478,29.4,3.15,4.453,18166,197.79,5.35,2108,3396,2586,8881,ON
51,2026-05-19 09:58:10.978,29.5,3.01,4.406,18196,197.69,5.46,2100,3384,2577,8894,ON
52,2026-05-19 09:58:11.478,29.5,3.08,4.413,18221,197.58,5.56,2114,3402,2588,8808,ON
53,2026-05-19 09:58:11.978,29.5,3.10,4.441,18248,197.48,5.66,2116,3406,2591,8895,ON
54,2026-05-19 09:58:12.478,29.5,3.17,4.379,18267,197.38,5.76,2113,3407,2592,8747,ON
55,2026-05-19 09:58:12.978,29.5,3.22,4.405,18283,197.28,5.86,2115,3407,2597,8794,ON
56,2026-05-19 09:58:13.478,29.5,3.12,4.428,18297,197.18,5.97,2103,3388,2580,8828,ON
57,2026-05-19 09:58:13.978,29.5,3.13,4.413,18312,197.07,6.07,2104,3388,2579,8761,ON
58,2026-05-19 09:58:14.478,29.5,3.20,4.352,18331,196.98,6.16,2095,3372,2567,8794,ON
59,2026-05-19 09:58:14.978,29.5,3.18,4.429,18349,196.87,6.28,2095,3374,2569,8713,ON
60,2026-05-19 09:58:15.478,29.6,3.08,4.461,18375,196.77,6.37,2094,3370,2568,8854,ON
61,2026-05-19 09:58:15.978,29.6,3.04,4.426,18401,196.66,6.49,2099,3379,2572,8735,ON
62,2026-05-19 09:58:16.478,29.6,3.07,4.408,18430,196.56,6.59,2100,3379,2572,8882,ON
63,2026-05-19 09:58:16.978,29.6,3.16,4.396,18460,196.45,6.69,2102,3384,2577,8959,ON
64,2026-05-19 09:58:17.478,29.6,3.18,4.430,18487,196.36,6.79,2122,3413,2597,8863,ON
65,2026-05-19 09:58:17.978,29.6,3.14,4.418,18512,196.25,6.89,2120,3411,2596,8878,ON
66,2026-05-19 09:58:18.478,29.6,3.23,4.345,18535,196.15,6.99,2118,3407,2592,8762,ON
67,2026-05-19 09:58:18.978,29.7,3.17,4.432,18561,196.05,7.10,2109,3395,2584,8856,ON
68,2026-05-19 09:58:19.478,29.7,3.09,4.421,18583,195.95,7.20,2107,3391,2580,8790,ON
69,2026-05-19 09:58:19.978,29.6,3.15,4.423,18602,195.84,7.30,2106,3391,2581,8809,ON
70,2026-05-19 09:58:20.478,29.7,3.17,4.344,18617,195.74,7.40,2098,3380,2573,8783,ON
71,2026-05-19 09:58:20.978,29.7,3.21,4.383,18632,195.64,7.50,2106,3388,2581,8832,ON
72,2026-05-19 09:58:21.478,29.7,3.23,4.404,18650,195.54,7.61,2103,3386,2578,8909,ON
73,2026-05-19 09:58:21.978,29.7,3.27,4.411,18677,195.45,7.69,2115,3401,2590,8849,ON
74,2026-05-19 09:58:22.478,29.7,3.32,4.290,18708,195.33,7.82,2122,3412,2597,8918,ON
75,2026-05-19 09:58:22.978,29.7,3.24,4.405,18734,195.22,7.92,2121,3411,2597,8843,ON
76,2026-05-19 09:58:23.478,29.7,3.15,4.442,18763,195.13,8.02,2130,3424,2611,8849,ON
77,2026-05-19 09:58:23.978,29.7,3.14,4.392,18789,195.03,8.12,2116,3404,2592,8870,ON
78,2026-05-19 09:58:24.478,29.7,3.16,4.405,18811,194.93,8.22,2126,3416,2601,8807,ON
79,2026-05-19 09:58:24.978,29.7,3.19,4.404,18831,194.82,8.32,2117,3403,2592,8869,ON
80,2026-05-19 09:58:25.478,29.7,3.22,4.416,18847,194.72,8.42,2117,3404,2593,8772,ON
81,2026-05-19 09:58:25.978,29.7,3.24,4.400,18869,194.62,8.52,2109,3392,2584,8879,ON
82,2026-05-19 09:58:26.478,29.8,3.29,4.390,18891,194.52,8.62,2108,3392,2584,8794,ON
83,2026-05-19 09:58:26.978,29.8,3.32,4.400,18915,194.42,8.72,2119,3406,2591,8905,ON
84,2026-05-19 09:58:27.478,29.8,3.25,4.423,18940,194.32,8.82,2114,3401,2588,8916,ON
85,2026-05-19 09:58:27.978,29.8,3.20,4.414,18963,194.22,8.93,2126,3416,2600,8889,ON
86,2026-05-19 09:58:28.478,29.8,3.27,4.371,18977,194.11,9.03,2127,3418,2602,8987,ON
87,2026-05-19 09:58:28.978,29.8,3.29,4.378,18996,194.00,9.15,2134,3430,2611,8912,ON
88,2026-05-19 09:58:29.478,29.9,3.35,4.382,19023,193.89,9.25,2130,3426,2608,8918,ON
89,2026-05-19 09:58:29.978,29.9,3.29,4.397,19045,193.80,9.35,2126,3420,2602,8877,ON
90,2026-05-19 09:58:30.478,29.9,3.32,4.346,19067,193.70,9.45,2126,3416,2600,8844,ON
91,2026-05-19 09:58:30.978,29.9,3.33,4.383,19091,193.60,9.55,2118,3403,2588,8871,ON
92,2026-05-19 09:58:31.478,29.9,3.27,4.404,19119,193.49,9.65,2112,3396,2587,8873,ON
93,2026-05-19 09:58:31.978,29.9,3.30,4.414,19139,193.39,9.75,2121,3408,2594,8879,ON
94,2026-05-19 09:58:32.478,29.9,3.24,4.374,19161,193.29,9.86,2117,3403,2593,8945,ON
95,2026-05-19 09:58:32.978,29.9,3.23,4.403,19180,193.19,9.96,2121,3409,2596,8862,ON
96,2026-05-19 09:58:33.478,29.9,3.32,4.374,19205,193.09,10.06,2127,3417,2602,8938,ON
97,2026-05-19 09:58:33.978,29.9,3.23,4.396,19225,192.98,10.17,2132,3424,2607,8896,ON
98,2026-05-19 09:58:34.478,29.9,3.27,4.382,19251,192.89,10.26,2137,3431,2612,8932,ON
99,2026-05-19 09:58:34.978,29.9,3.33,4.382,19274,192.78,10.37,2137,3431,2612,8969,ON
100,2026-05-19 09:58:35.478,30.0,3.25,4.414,19287,192.67,10.48,2148,3449,2625,8950,ON
101,2026-05-19 09:58:35.978,30.0,3.20,4.426,19306,192.57,10.58,2136,3433,2613,8966,ON
102,2026-05-19 09:58:36.478,30.0,3.23,4.379,19325,192.46,10.68,2138,3432,2613,8843,ON
103,2026-05-19 09:58:36.978,30.0,3.33,4.386,19344,192.37,10.78,2131,3421,2605,8925,ON
104,2026-05-19 09:58:37.478,30.0,3.44,4.376,19368,192.27,10.88,2128,3418,2604,8831,ON
105,2026-05-19 09:58:37.978,30.0,3.42,4.411,19390,192.16,10.99,2122,3408,2597,8899,ON
106,2026-05-19 09:58:38.478,30.0,3.35,4.364,19416,192.05,11.09,2122,3411,2599,8911,ON
107,2026-05-19 09:58:38.978,30.0,3.40,4.383,19441,191.95,11.19,2134,3429,2611,8963,ON
108,2026-05-19 09:58:39.478,30.1,3.49,4.387,19467,191.86,11.29,2132,3426,2610,8996,ON
109,2026-05-19 09:58:39.978,30.1,3.49,4.387,19493,191.76,11.39,2141,3437,2617,8954,ON
110,2026-05-19 09:58:40.478,30.1,3.38,4.378,19521,191.66,11.49,2142,3439,2617,8978,ON
111,2026-05-19 09:58:40.978,30.1,3.42,4.362,19546,191.54,11.60,2139,3432,2612,8903,ON
112,2026-05-19 09:58:41.478,30.1,3.46,4.390,19564,191.44,11.71,2142,3437,2616,8939,ON
113,2026-05-19 09:58:41.978,30.1,3.50,4.345,19590,191.34,11.80,2136,3430,2612,8924,ON
114,2026-05-19 09:58:42.478,30.1,3.48,4.370,19615,191.24,11.91,2138,3433,2614,8907,ON
115,2026-05-19 09:58:42.978,30.1,3.46,4.362,19642,191.13,12.01,2128,3422,2607,8922,ON
116,2026-05-19 09:58:43.478,30.2,3.48,4.390,19658,191.03,12.11,2125,3417,2603,8848,ON
117,2026-05-19 09:58:43.978,30.2,3.43,4.379,19675,190.93,12.21,2114,3399,2590,8927,ON
118,2026-05-19 09:58:44.478,30.1,3.39,4.371,19695,190.83,12.31,2126,3415,2602,8896,ON
119,2026-05-19 09:58:44.978,30.1,3.38,4.386,19714,190.73,12.42,2136,3431,2613,8989,ON
120,2026-05-19 09:58:45.478,30.2,3.44,4.373,19739,190.63,12.52,2134,3427,2610,8969,ON
121,2026-05-19 09:58:45.978,30.2,3.43,4.394,19761,190.52,12.62,2148,3443,2622,8983,ON
122,2026-05-19 09:58:46.478,30.2,3.43,4.374,19780,190.42,12.72,2136,3431,2610,9036,ON
123,2026-05-19 09:58:46.978,30.2,3.43,4.365,19804,190.31,12.83,2151,3452,2626,8980,ON
124,2026-05-19 09:58:47.478,30.2,3.47,4.383,19830,190.21,12.93,2144,3441,2619,8983,ON
125,2026-05-19 09:58:47.978,30.2,3.42,4.393,19852,190.11,13.04,2146,3443,2623,8844,ON
126,2026-05-19 09:58:48.478,30.2,3.40,4.395,19870,190.01,13.14,2132,3424,2609,8872,ON
127,2026-05-19 09:58:48.978,30.2,3.38,4.393,19891,189.91,13.24,2121,3405,2595,8827,ON
128,2026-05-19 09:58:49.478,30.2,3.46,4.379,19913,189.81,13.33,2123,3411,2599,8895,ON
129,2026-05-19 09:58:49.978,30.2,3.51,4.344,19933,189.70,13.44,2123,3411,2600,8990,ON
130,2026-05-19 09:58:50.478,30.3,3.50,4.362,19956,189.60,13.54,2135,3430,2614,8963,ON
131,2026-05-19 09:58:50.978,30.3,3.47,4.367,19980,189.49,13.65,2138,3435,2616,8968,ON
132,2026-05-19 09:58:51.478,30.3,3.48,4.383,19994,189.40,13.75,2146,3444,2623,8919,ON
133,2026-05-19 09:58:51.978,30.3,3.42,4.341,20011,189.30,13.85,2147,3448,2626,8961,ON
134,2026-05-19 09:58:52.478,30.3,3.48,4.366,20034,189.20,13.95,2147,3447,2624,8943,ON
135,2026-05-19 09:58:52.978,30.3,3.50,4.362,20059,189.08,14.06,2147,3447,2625,8930,ON
136,2026-05-19 09:58:53.478,30.3,3.54,4.366,20083,188.98,14.17,2137,3431,2613,8982,ON
137,2026-05-19 09:58:53.978,30.3,3.51,4.349,20106,188.88,14.27,2138,3434,2617,8927,ON
138,2026-05-19 09:58:54.478,30.4,3.56,4.346,20129,188.78,14.37,2127,3419,2605,8892,ON
139,2026-05-19 09:58:54.978,30.4,3.52,4.391,20150,188.67,14.47,2128,3418,2605,8858,ON
140,2026-05-19 09:58:55.478,30.4,3.47,4.368,20165,188.57,14.57,2130,3428,2612,9022,ON
141,2026-05-19 09:58:55.978,30.4,3.51,4.354,20181,188.47,14.67,2136,3432,2615,8903,ON
142,2026-05-19 09:58:56.478,30.4,3.57,4.351,20202,188.37,14.77,2136,3430,2613,8994,ON
143,2026-05-19 09:58:56.978,30.4,3.61,4.353,20228,188.26,14.88,2143,3442,2622,8995,ON
144,2026-05-19 09:58:57.478,30.4,3.60,4.374,20251,188.17,14.98,2152,3455,2631,9038,ON
145,2026-05-19 09:58:57.978,30.4,3.53,4.340,20275,188.07,15.07,2147,3448,2627,9007,ON
146,2026-05-19 09:58:58.478,30.4,3.58,4.351,20296,187.95,15.19,2150,3449,2627,8924,ON
147,2026-05-19 09:58:58.978,30.4,3.60,4.370,20309,187.85,15.29,2143,3439,2619,8945,ON
148,2026-05-19 09:58:59.478,30.4,3.47,4.379,20317,187.75,15.39,2142,3440,2621,8878,ON
149,2026-05-19 09:58:59.978,30.4,3.49,4.338,20335,187.65,15.49,2140,3438,2619,8889,ON
150,2026-05-19 09:59:00.478,30.5,3.50,4.373,20361,187.55,15.60,2135,3429,2612,8883,ON
151,2026-05-19 09:59:00.978,30.5,3.53,4.389,20387,187.45,15.70,2133,3424,2609,8971,ON
152,2026-05-19 09:59:01.478,30.5,3.59,4.372,20406,187.35,15.80,2131,3421,2608,8983,ON
153,2026-05-19 09:59:01.978,30.5,3.54,4.359,20430,187.24,15.90,2135,3426,2610,8927,ON
154,2026-05-19 09:59:02.478,30.5,3.56,4.367,20452,187.14,16.00,2129,3420,2606,9020,ON
155,2026-05-19 09:59:02.978,30.5,3.58,4.365,20470,187.04,16.11,2146,3446,2621,8937,ON
156,2026-05-19 09:59:03.478,30.5,3.57,4.373,20483,186.94,16.20,2149,3451,2627,8973,ON
157,2026-05-19 09:59:03.978,30.5,3.53,4.386,20501,186.83,16.32,2150,3449,2626,8937,ON
158,2026-05-19 09:59:04.478,30.5,3.49,4.373,20528,186.73,16.41,2146,3443,2622,8943,ON
159,2026-05-19 09:59:04.978,30.6,3.58,4.383,20549,186.62,16.52,2147,3445,2624,8971,ON
160,2026-05-19 09:59:05.478,30.6,3.55,4.376,20571,186.53,16.62,2143,3438,2619,8909,ON
161,2026-05-19 09:59:05.978,30.6,3.56,4.349,20595,186.42,16.72,2132,3423,2608,8893,ON
162,2026-05-19 09:59:06.478,30.6,3.61,4.346,20613,186.33,16.82,2132,3422,2608,8889,ON
163,2026-05-19 09:59:06.978,30.6,3.65,4.345,20631,186.22,16.92,2134,3425,2610,8954,ON
164,2026-05-19 09:59:07.478,30.6,3.62,4.375,20649,186.12,17.03,2133,3424,2609,8917,ON
165,2026-05-19 09:59:07.978,30.6,3.56,4.342,20670,186.02,17.12,2143,3434,2616,8984,ON
166,2026-05-19 09:59:08.478,30.6,3.59,4.355,20689,185.92,17.23,2144,3440,2621,9003,ON
167,2026-05-19 09:59:08.978,30.6,3.67,4.348,20713,185.82,17.33,2145,3439,2620,8995,ON
168,2026-05-19 09:59:09.478,30.6,3.66,4.368,20741,185.72,17.43,2155,3457,2621,8969,ON
169,2026-05-19 09:59:09.978,30.7,3.63,4.333,20765,185.61,17.53,2156,3458,2630,8932,ON
170,2026-05-19 09:59:10.478,30.7,3.64,4.341,20780,185.50,17.65,2147,3444,2622,8977,ON
171,2026-05-19 09:59:10.978,30.7,3.67,4.351,20793,185.39,17.75,2142,3433,2615,8941,ON
172,2026-05-19 09:59:11.478,30.7,3.69,4.305,20808,185.29,17.85,2143,3437,2619,8971,ON
173,2026-05-19 09:59:11.978,30.7,3.60,4.331,20824,185.20,17.95,2143,3436,2617,8934,ON
174,2026-05-19 09:59:12.478,30.7,3.69,4.328,20848,185.10,18.05,2136,3431,2615,8847,ON
175,2026-05-19 09:59:12.978,30.7,3.62,4.359,20877,184.99,18.16,2132,3423,2610,8884,ON
176,2026-05-19 09:59:13.478,30.7,3.61,4.280,20905,184.89,18.25,2134,3427,2611,8960,ON
177,2026-05-19 09:59:13.978,30.7,3.64,4.351,20922,184.79,18.36,2138,3431,2614,8990,ON
178,2026-05-19 09:59:14.478,30.7,3.65,4.347,20939,184.69,18.45,2141,3435,2618,8997,ON
179,2026-05-19 09:59:14.978,30.7,3.69,4.346,20961,184.59,18.55,2146,3445,2624,8987,ON
180,2026-05-19 09:59:15.478,30.7,3.66,4.335,20981,184.49,18.65,2147,3445,2625,9043,ON
181,2026-05-19 09:59:15.978,30.7,3.66,4.344,21001,184.38,18.77,2155,3457,2633,9012,ON
182,2026-05-19 09:59:16.478,30.7,3.68,4.342,21028,184.28,18.87,2154,3457,2632,8978,ON
183,2026-05-19 09:59:16.978,30.8,3.68,4.364,21051,184.18,18.97,2155,3457,2632,8917,ON
184,2026-05-19 09:59:17.478,30.8,3.67,4.347,21072,184.07,19.07,2150,3449,2626,8934,ON
185,2026-05-19 09:59:17.978,30.8,3.66,4.353,21088,183.97,19.17,2142,3449,2627,8978,ON
186,2026-05-19 09:59:18.478,30.8,3.62,4.335,21105,183.87,19.28,2140,3436,2619,8919,ON
187,2026-05-19 09:59:18.978,30.8,3.72,4.341,21120,183.76,19.38,2129,3420,2607,8938,ON
188,2026-05-19 09:59:19.478,30.8,3.67,4.351,21136,183.67,19.48,2133,3424,2610,8924,ON
189,2026-05-19 09:59:19.978,30.8,3.67,4.355,21160,183.56,19.59,2132,3422,2609,8946,ON
190,2026-05-19 09:59:20.478,30.9,3.62,4.359,21182,183.47,19.68,2143,3437,2621,8927,ON
191,2026-05-19 09:59:20.978,30.8,3.68,4.345,21203,183.36,19.78,2144,3440,2622,9020,ON
192,2026-05-19 09:59:21.478,30.8,3.68,4.277,21226,183.27,19.87,2152,3453,2630,9039,ON
193,2026-05-19 09:59:21.978,30.9,3.67,4.363,21247,183.17,19.98,2153,3455,2632,9029,ON
194,2026-05-19 09:59:22.478,30.9,3.68,4.347,21261,183.05,20.09,2146,3445,2624,9035,ON
195,2026-05-19 09:59:22.978,30.9,3.67,4.362,21276,182.95,20.19,2151,3451,2631,8887,ON
196,2026-05-19 09:59:23.478,30.9,3.64,4.351,21296,182.85,20.30,2140,3435,2618,8880,ON
197,2026-05-19 09:59:23.978,30.9,3.67,4.361,21320,182.75,20.40,2137,3429,2614,8885,ON
198,2026-05-19 09:59:24.478,30.9,3.72,4.336,21341,182.65,20.50,2133,3423,2610,8999,ON
199,2026-05-19 09:59:24.978,30.9,3.78,4.356,21369,182.55,20.59,2130,3419,2608,8972,ON
200,2026-05-19 09:59:25.478,30.9,3.75,4.332,21389,182.45,20.70,2133,3425,2612,8931,ON
201,2026-05-19 09:59:25.978,30.9,3.78,4.330,21409,182.35,20.80,2138,3433,2616,8992,ON
202,2026-05-19 09:59:26.478,30.9,3.78,4.350,21425,182.24,20.90,2143,3441,2623,8949,ON
203,2026-05-19 09:59:26.978,31.0,3.71,4.343,21446,182.15,21.00,2154,3450,2625,9047,ON
204,2026-05-19 09:59:27.478,31.0,3.73,4.329,21469,182.04,21.10,2145,3438,2618,9058,ON
205,2026-05-19 09:59:27.978,31.0,3.76,4.321,21491,181.94,21.20,2147,3443,2623,9029,ON
206,2026-05-19 09:59:28.478,31.0,3.83,4.327,21511,181.83,21.32,2153,3454,2632,8989,ON
207,2026-05-19 09:59:28.978,31.0,3.77,4.341,21531,181.73,21.41,2149,3445,2627,8955,ON
208,2026-05-19 09:59:29.478,31.0,3.74,4.323,21544,181.63,21.52,2148,3451,2630,8939,ON
209,2026-05-19 09:59:29.978,31.0,3.75,4.338,21551,181.53,21.62,2138,3432,2618,8909,ON
210,2026-05-19 09:59:30.478,31.0,3.78,4.329,21560,181.42,21.72,2136,3427,2614,8926,ON
211,2026-05-19 09:59:30.978,31.0,3.81,4.341,21575,181.31,21.83,2126,3414,2605,8930,ON
212,2026-05-19 09:59:31.478,31.1,3.73,4.335,21597,181.22,21.92,2132,3422,2611,8958,ON
213,2026-05-19 09:59:31.978,31.1,3.78,4.345,21621,181.12,22.03,2136,3426,2613,8964,ON
214,2026-05-19 09:59:32.478,31.1,3.77,4.340,21643,181.02,22.13,2146,3440,2623,8954,ON
215,2026-05-19 09:59:32.978,31.1,3.81,4.326,21668,180.92,22.23,2146,3442,2624,9000,ON
216,2026-05-19 09:59:33.478,31.1,3.87,4.306,21694,180.82,22.33,2150,3448,2629,9017,ON
217,2026-05-19 09:59:33.978,31.1,3.81,4.342,21710,180.72,22.43,2150,3449,2629,9031,ON
218,2026-05-19 09:59:34.478,31.1,3.79,4.324,21727,180.60,22.54,2145,3442,2623,9040,ON
219,2026-05-19 09:59:34.978,31.1,3.82,4.304,21749,180.50,22.65,2151,3451,2631,8928,ON
220,2026-05-19 09:59:35.478,31.1,3.82,4.331,21766,180.40,22.74,2148,3448,2629,8954,ON
221,2026-05-19 09:59:35.978,31.1,3.81,4.334,21787,180.29,22.85,2151,3450,2631,8903,ON
222,2026-05-19 09:59:36.478,31.1,3.85,4.329,21808,180.19,22.96,2135,3425,2613,8885,ON
223,2026-05-19 09:59:36.978,31.1,3.83,4.336,21829,180.10,23.05,2133,3424,2611,8915,ON
224,2026-05-19 09:59:37.478,31.2,3.81,4.325,21849,179.99,23.15,2133,3425,2613,9003,ON
225,2026-05-19 09:59:37.978,31.1,3.78,4.345,21864,179.89,23.25,2136,3430,2617,9024,ON
226,2026-05-19 09:59:38.478,31.2,3.83,4.321,21885,179.79,23.35,2139,3433,2619,8998,ON
227,2026-05-19 09:59:38.978,31.2,3.85,4.327,21909,179.69,23.46,2148,3449,2629,9014,ON
228,2026-05-19 09:59:39.478,31.2,3.86,4.300,21931,179.59,23.56,2153,3455,2634,8985,ON
229,2026-05-19 09:59:39.978,31.2,3.82,4.348,21957,179.49,23.66,2160,3463,2641,8964,ON
230,2026-05-19 09:59:40.478,31.2,3.85,4.310,21976,179.38,23.76,2150,3448,2630,8966,ON
231,2026-05-19 09:59:40.978,31.2,3.91,4.331,21991,179.27,23.87,2154,3457,2636,8957,ON
232,2026-05-19 09:59:41.478,31.2,3.81,4.334,22004,179.17,23.97,2154,3457,2636,9005,ON
233,2026-05-19 09:59:41.978,31.2,3.83,4.332,22027,179.07,24.08,2147,3446,2628,8959,ON
234,2026-05-19 09:59:42.478,31.2,3.82,4.329,22049,178.96,24.18,2139,3433,2619,8912,ON
235,2026-05-19 09:59:42.978,31.2,3.92,4.298,22066,178.86,24.28,2133,3424,2613,8894,ON
236,2026-05-19 09:59:43.478,31.2,3.95,4.339,22088,178.77,24.38,2134,3428,2617,8958,ON
237,2026-05-19 09:59:43.978,31.2,3.92,4.313,22109,178.66,24.48,2139,3433,2621,8979,ON
238,2026-05-19 09:59:44.478,31.3,3.95,4.287,22122,178.56,24.58,2143,3438,2624,9000,ON
239,2026-05-19 09:59:44.978,31.3,3.90,4.298,22130,178.46,24.68,2144,3441,2626,9029,ON
240,2026-05-19 09:59:45.478,31.3,3.93,4.310,22142,178.36,24.78,2149,3447,2631,9042,ON
241,2026-05-19 09:59:45.978,31.3,3.94,4.313,22154,178.27,24.88,2155,3456,2635,9038,ON
242,2026-05-19 09:59:46.478,31.3,3.94,4.293,22169,178.16,24.98,2159,3463,2640,8878,ON
243,2026-05-19 09:59:46.978,31.3,3.99,4.306,22193,178.05,25.10,2154,3459,2639,8917,ON
244,2026-05-19 09:59:47.478,31.3,3.89,4.320,22224,177.95,25.20,2145,3445,2627,8923,ON
245,2026-05-19 09:59:47.978,31.3,3.91,4.316,22245,177.85,25.30,2139,3433,2620,8953,ON
246,2026-05-19 09:59:48.478,31.3,3.95,4.322,22263,177.74,25.40,2137,3431,2619,8954,ON
247,2026-05-19 09:59:48.978,31.3,3.97,4.312,22282,177.64,25.50,2139,3436,2624,8913,ON
248,2026-05-19 09:59:49.478,31.4,3.99,4.303,22301,177.54,25.60,2133,3424,2615,8935,ON
249,2026-05-19 09:59:49.978,31.4,3.99,4.289,22316,177.44,25.70,2137,3431,2620,8909,ON
250,2026-05-19 09:59:50.478,31.4,4.00,4.311,22337,177.33,25.81,2135,3427,2616,9040,ON
251,2026-05-19 09:59:50.978,31.4,3.94,4.255,22358,177.24,25.91,2142,3439,2623,9037,ON
252,2026-05-19 09:59:51.478,31.4,4.01,4.297,22374,177.14,26.00,2146,3443,2628,9018,ON
253,2026-05-19 09:59:51.978,31.4,3.99,4.306,22396,177.04,26.11,2142,3443,2628,8942,ON
254,2026-05-19 09:59:52.478,31.4,3.94,4.339,22413,176.93,26.21,2151,3453,2635,8938,ON
255,2026-05-19 09:59:52.978,31.4,3.90,4.237,22423,176.84,26.30,2149,3458,2641,8961,ON
256,2026-05-19 09:59:53.478,31.4,3.94,4.300,22429,176.72,26.43,2141,3439,2626,8940,ON
257,2026-05-19 09:59:53.978,31.4,3.97,4.287,22441,176.62,26.53,2136,3430,2619,8932,ON
258,2026-05-19 09:59:54.478,31.4,4.01,4.309,22463,176.52,26.63,2129,3418,2611,8921,ON
259,2026-05-19 09:59:54.978,31.4,3.95,4.308,22485,176.42,26.73,2129,3420,2612,8864,ON
260,2026-05-19 09:59:55.478,31.4,3.99,4.295,22503,176.32,26.82,2125,3412,2608,8878,ON
261,2026-05-19 09:59:55.978,31.4,4.01,4.291,22521,-346.07,31.40,2125,3412,2607,8942,ON
262,2026-05-19 09:59:56.478,31.5,3.93,4.319,22544,176.11,27.04,2133,3425,2615,8980,ON
263,2026-05-19 09:59:56.978,31.5,3.96,4.294,22558,176.01,27.14,2142,3439,2625,9012,ON
264,2026-05-19 09:59:57.478,31.5,4.03,4.304,22570,175.91,27.23,2145,3442,2630,9020,ON
265,2026-05-19 09:59:57.978,31.5,4.05,4.291,22586,175.81,27.33,2142,3435,2624,9010,ON
266,2026-05-19 09:59:58.478,31.5,4.06,4.297,22607,175.71,27.44,2143,3438,2625,9000,ON
267,2026-05-19 09:59:58.978,31.5,4.11,4.278,22625,175.59,27.55,2148,3446,2632,8939,ON
268,2026-05-19 09:59:59.478,31.5,4.08,4.309,22639,175.49,27.65,2141,3435,2623,8925,ON
269,2026-05-19 09:59:59.978,31.5,4.05,4.301,22659,175.38,27.76,2138,3429,2620,8888,ON
270,2026-05-19 10:00:00.478,31.6,4.07,4.292,22675,175.28,27.86,2131,3420,2613,8855,ON
271,2026-05-19 10:00:00.978,31.6,4.09,4.273,22685,175.19,27.96,2125,3416,2611,8900,ON
272,2026-05-19 10:00:01.478,31.6,4.15,4.290,22704,175.08,28.06,2126,3415,2609,8954,ON
273,2026-05-19 10:00:01.978,31.6,4.06,4.309,22726,174.99,28.15,2124,3408,2607,8963,ON
274,2026-05-19 10:00:02.478,31.6,4.11,4.300,22745,174.88,28.26,2127,3415,2610,8946,ON
275,2026-05-19 10:00:02.978,31.6,4.08,4.316,22764,174.78,28.36,2132,3420,2614,8896,ON
276,2026-05-19 10:00:03.478,31.6,4.01,4.301,22783,174.69,28.46,2135,3422,2616,8943,ON
277,2026-05-19 10:00:03.978,31.6,4.08,4.301,22803,174.58,28.56,2142,3435,2623,8974,ON
278,2026-05-19 10:00:04.478,31.6,4.10,4.275,22815,174.48,28.66,2145,3439,2628,8909,ON
279,2026-05-19 10:00:04.978,31.6,4.12,4.317,22826,174.38,28.77,2140,3432,2622,8917,ON
280,2026-05-19 10:00:05.478,31.6,4.10,4.289,22837,174.27,28.88,2141,3434,2624,8953,ON
281,2026-05-19 10:00:05.978,31.6,4.15,4.268,22852,174.16,28.98,2136,3428,2619,8944,ON
282,2026-05-19 10:00:06.478,31.6,4.16,4.303,22869,174.07,29.08,2131,3420,2613,8942,ON
283,2026-05-19 10:00:06.978,31.6,4.08,4.291,22887,173.97,29.18,2126,3414,2609,8900,ON
284,2026-05-19 10:00:07.478,31.6,4.05,4.306,22906,173.86,29.28,2122,3406,2605,8837,ON
285,2026-05-19 10:00:07.978,31.6,4.11,4.281,22917,173.76,29.38,2125,3411,2608,8938,ON
286,2026-05-19 10:00:08.478,31.7,4.20,4.277,22938,173.66,29.48,2125,3414,2608,8953,ON
287,2026-05-19 10:00:08.978,31.7,4.17,4.272,22957,173.56,29.58,2134,3422,2617,8949,ON
288,2026-05-19 10:00:09.478,31.7,4.20,4.293,22977,173.46,29.68,2143,3437,2625,8975,ON
289,2026-05-19 10:00:09.978,31.7,4.21,4.311,22997,173.36,29.79,2140,3433,2623,8949,ON
290,2026-05-19 10:00:10.478,31.7,4.16,4.268,23013,173.26,29.88,2141,3431,2623,8967,ON
291,2026-05-19 10:00:10.978,31.7,4.13,4.274,23031,173.15,30.00,2142,3434,2625,8870,ON
292,2026-05-19 10:00:11.478,31.7,4.21,4.267,23041,173.05,30.10,2140,3431,2623,8884,ON
293,2026-05-19 10:00:11.978,31.7,4.22,4.307,23048,172.94,30.20,2134,3423,2618,8932,ON
294,2026-05-19 10:00:12.478,31.7,4.21,4.247,23061,172.84,30.30,2131,3416,2615,8857,ON
295,2026-05-19 10:00:12.978,31.7,4.26,4.279,23081,172.75,30.39,2126,3407,2609,8896,ON
296,2026-05-19 10:00:13.478,31.7,4.23,4.279,23096,172.64,30.50,2116,3394,2599,8899,ON
297,2026-05-19 10:00:13.978,31.7,4.22,4.288,23118,172.54,30.60,2116,3394,2599,8853,ON
298,2026-05-19 10:00:14.478,31.7,4.22,4.256,23136,172.44,30.71,2118,3396,2599,8919,ON
299,2026-05-19 10:00:14.978,31.7,4.31,4.259,23157,172.34,30.81,2125,3400,2603,8980,ON
300,2026-05-19 10:00:15.478,31.7,4.33,4.257,23171,172.24,30.91,2132,3417,2614,8961,ON
301,2026-05-19 10:00:15.978,31.8,4.32,4.279,23176,172.13,31.01,2132,3421,2616,8916,ON
302,2026-05-19 10:00:16.478,31.8,4.27,4.271,23187,172.04,31.11,2136,3429,2622,8910,ON
303,2026-05-19 10:00:16.978,31.8,4.29,4.266,23196,171.94,31.21,2134,3416,2617,8935,ON
304,2026-05-19 10:00:17.478,31.8,4.25,4.261,23217,171.82,31.32,2136,3420,2619,8905,ON
305,2026-05-19 10:00:17.978,31.8,4.26,4.274,23241,171.72,31.42,2129,3409,2612,8874,ON
306,2026-05-19 10:00:18.478,31.8,4.29,4.251,23259,171.62,31.53,2123,3398,2601,8858,ON
307,2026-05-19 10:00:18.978,31.8,4.38,4.258,23275,171.52,31.62,2120,3397,2600,8848,ON
308,2026-05-19 10:00:19.478,31.8,4.29,4.270,23293,171.41,31.73,2120,3399,2600,8828,ON
309,2026-05-19 10:00:19.978,31.8,4.30,4.272,23307,171.32,31.83,2114,3389,2596,8872,ON
310,2026-05-19 10:00:20.478,31.8,4.30,4.267,23316,171.22,31.93,2116,3388,2598,8959,ON
311,2026-05-19 10:00:20.978,31.8,4.30,4.263,23330,171.12,32.03,2127,3407,2609,8939,ON
312,2026-05-19 10:00:21.478,31.9,4.32,4.253,23351,171.01,32.13,2133,3417,2616,8920,ON
313,2026-05-19 10:00:21.978,31.9,4.34,4.257,23372,170.92,32.23,2133,3416,2614,8898,ON
314,2026-05-19 10:00:22.478,31.9,4.36,4.220,23388,170.81,32.33,2136,3419,2618,8924,ON
315,2026-05-19 10:00:22.978,31.9,4.40,4.249,23407,170.71,32.43,2130,3410,2613,8908,ON
316,2026-05-19 10:00:23.478,31.9,4.40,4.242,23426,170.60,32.55,2131,3404,2612,8849,ON
317,2026-05-19 10:00:23.978,31.9,4.41,4.264,23438,170.49,32.66,2124,3397,2606,8817,ON
318,2026-05-19 10:00:24.478,31.9,4.27,4.281,23445,170.39,32.76,2117,3390,2598,8852,ON
319,2026-05-19 10:00:24.978,31.9,4.31,4.244,23463,170.29,32.85,2114,3383,2596,8830,ON
320,2026-05-19 10:00:25.478,31.9,4.33,4.262,23481,170.19,32.95,2112,3376,2592,8822,ON
321,2026-05-19 10:00:25.978,31.9,4.35,4.284,23497,170.08,33.06,2113,3378,2592,8843,ON
322,2026-05-19 10:00:26.478,31.9,4.30,4.269,23506,169.99,33.15,2118,3385,2595,8901,ON
323,2026-05-19 10:00:26.978,31.9,4.38,4.244,23520,169.89,33.26,2123,3389,2600,8862,ON
324,2026-05-19 10:00:27.478,31.9,4.36,4.276,23528,169.79,33.36,2125,3391,2605,8885,ON
325,2026-05-19 10:00:27.978,32.0,4.32,4.262,23538,169.69,33.46,2129,3397,2608,8910,ON
326,2026-05-19 10:00:28.478,32.0,4.38,4.232,23553,169.58,33.56,2128,3401,2608,8885,ON
327,2026-05-19 10:00:28.978,32.0,4.43,4.244,23586,169.49,33.66,2126,3396,2606,8877,ON
328,2026-05-19 10:00:29.478,32.0,4.50,4.251,23615,169.37,33.77,2124,3390,2605,8806,ON
329,2026-05-19 10:00:29.978,32.0,4.47,4.256,23641,169.27,33.88,2115,3376,2595,8788,ON
330,2026-05-19 10:00:30.478,32.0,4.46,4.237,23669,169.17,33.98,2109,3366,2589,8754,ON
331,2026-05-19 10:00:30.978,32.0,4.49,4.245,23686,169.06,34.08,2101,3353,2582,8813,ON
332,2026-05-19 10:00:31.478,32.0,4.49,4.240,23688,168.97,34.18,2102,3356,2582,8816,ON
333,2026-05-19 10:00:31.978,32.0,4.51,4.251,23694,168.87,34.27,2106,3362,2587,8868,ON
334,2026-05-19 10:00:32.478,32.1,4.49,4.235,23709,168.76,34.38,2113,3362,2593,8854,ON
335,2026-05-19 10:00:32.978,32.0,4.47,4.253,23724,168.66,34.49,2117,3375,2597,8855,ON
336,2026-05-19 10:00:33.478,32.0,4.45,4.248,23736,168.56,34.58,2122,3378,2598,8800,ON
337,2026-05-19 10:00:33.978,32.1,4.44,4.242,23744,168.46,34.68,2125,3388,2606,8843,ON
338,2026-05-19 10:00:34.478,32.1,4.51,4.224,23757,168.36,34.78,2123,3387,2607,8844,ON
339,2026-05-19 10:00:34.978,32.1,4.51,4.262,23765,168.26,34.88,2121,3381,2602,8817,ON
340,2026-05-19 10:00:35.478,32.1,4.47,4.254,23774,168.15,35.00,2116,3372,2594,8845,ON
341,2026-05-19 10:00:35.978,32.1,4.51,4.221,23789,168.04,35.10,2111,3366,2590,8791,ON
342,2026-05-19 10:00:36.478,32.1,4.58,4.254,23806,167.94,35.21,2102,3350,2582,8726,ON
343,2026-05-19 10:00:36.978,32.1,4.49,4.248,23823,167.84,35.30,2097,3330,2574,8705,ON
344,2026-05-19 10:00:37.478,32.1,4.55,4.212,23844,167.74,35.41,2100,3335,2579,8822,ON
345,2026-05-19 10:00:37.978,32.1,4.59,4.242,23865,167.64,35.50,2109,3351,2588,8843,ON
346,2026-05-19 10:00:38.478,32.1,4.61,4.207,23876,167.53,35.61,2112,3348,2593,8799,ON
347,2026-05-19 10:00:38.978,32.1,4.62,4.207,23885,167.44,35.71,2118,3362,2598,8868,ON
348,2026-05-19 10:00:39.478,32.1,4.69,4.211,23893,167.33,35.81,2118,3365,2598,8817,ON
349,2026-05-19 10:00:39.978,32.1,4.71,4.214,23907,167.23,35.91,2120,3374,2601,8823,ON
350,2026-05-19 10:00:40.478,32.1,4.68,4.205,23916,167.14,36.00,2117,3362,2596,8747,ON
351,2026-05-19 10:00:40.978,32.2,4.71,4.197,23934,167.02,36.13,2115,3354,2594,8735,ON
352,2026-05-19 10:00:41.478,32.2,4.80,4.197,23954,166.92,36.22,2099,3325,2580,8672,ON
353,2026-05-19 10:00:41.978,32.2,4.79,4.184,23970,166.82,36.33,2100,3326,2580,8728,ON
354,2026-05-19 10:00:42.478,32.2,4.83,4.198,23979,166.71,36.43,2093,3319,2574,8729,ON
355,2026-05-19 10:00:42.978,32.2,4.89,4.166,23985,166.61,36.53,2095,3319,2575,8707,ON
356,2026-05-19 10:00:43.478,32.2,4.83,4.199,23997,166.51,36.63,2095,3319,2571,8750,ON
357,2026-05-19 10:00:43.978,32.2,4.81,4.159,24005,166.41,36.74,2094,3308,2572,8704,ON
358,2026-05-19 10:00:44.478,32.2,4.83,4.206,24018,166.31,36.83,2102,3321,2580,8696,ON
359,2026-05-19 10:00:44.978,32.2,4.89,4.188,24039,166.21,36.94,2099,3304,2575,8732,ON
360,2026-05-19 10:00:45.478,32.2,4.89,4.159,24064,166.10,37.04,2104,3318,2583,8781,ON
361,2026-05-19 10:00:45.978,32.2,4.80,4.209,24080,165.99,37.15,2103,3321,2582,8789,ON
362,2026-05-19 10:00:46.478,32.2,4.86,4.205,24089,165.89,37.25,2105,3317,2586,8746,ON
363,2026-05-19 10:00:46.978,32.2,4.87,4.171,24103,165.79,37.36,2106,3323,2586,8723,ON
364,2026-05-19 10:00:47.478,32.2,4.95,4.185,24112,165.69,37.46,2097,3296,2575,8638,ON
365,2026-05-19 10:00:47.978,32.2,4.90,4.204,24122,165.59,37.56,2094,3294,2572,8665,ON
366,2026-05-19 10:00:48.478,32.2,4.92,4.176,24137,165.49,37.66,2085,3268,2565,8535,ON
367,2026-05-19 10:00:48.978,32.2,4.97,4.160,24155,165.38,37.76,2075,3240,2553,8554,ON
368,2026-05-19 10:00:49.478,32.3,5.01,4.171,24170,165.28,37.86,2070,3220,2545,8523,ON
369,2026-05-19 10:00:49.978,32.3,4.97,4.194,24179,165.18,37.97,2071,3220,2547,8563,ON
370,2026-05-19 10:00:50.478,32.3,4.95,4.176,24184,165.08,38.07,2081,3240,2557,8571,ON
371,2026-05-19 10:00:50.978,32.3,5.00,4.163,24196,164.98,38.16,2087,3254,2564,8699,ON
372,2026-05-19 10:00:51.478,32.3,5.09,4.155,24212,164.87,38.28,2092,3265,2570,8668,ON
373,2026-05-19 10:00:51.978,32.3,5.10,4.135,24226,164.77,38.38,2092,3258,2569,8564,ON
374,2026-05-19 10:00:52.478,32.3,5.12,4.142,24239,164.66,38.49,2086,3230,2561,8545,ON
375,2026-05-19 10:00:52.978,32.3,5.16,4.133,24255,164.55,38.59,2078,3199,2550,8405,ON
376,2026-05-19 10:00:53.478,32.3,5.24,4.136,24265,164.45,38.69,2059,3129,2527,8334,ON
377,2026-05-19 10:00:53.978,32.3,5.27,4.133,24271,164.35,38.79,2047,3095,2513,8289,ON
378,2026-05-19 10:00:54.478,32.3,5.23,4.144,24275,164.25,38.89,2041,3083,2508,8333,ON
379,2026-05-19 10:00:54.978,32.4,5.30,4.103,24282,164.15,39.00,2037,3079,2503,8271,ON
380,2026-05-19 10:00:55.478,32.4,5.37,4.104,24290,164.05,39.10,2041,3067,2497,8275,ON
381,2026-05-19 10:00:55.978,32.4,5.34,4.119,24304,163.95,39.20,2041,3059,2501,8283,ON
382,2026-05-19 10:00:56.478,32.4,5.44,4.108,24321,163.85,39.30,2036,3022,2495,8177,ON
383,2026-05-19 10:00:56.978,32.4,5.51,4.093,24336,163.74,39.40,2033,2977,2488,8104,ON
384,2026-05-19 10:00:57.478,32.4,5.61,4.082,24349,163.64,39.51,2009,2893,2462,7807,ON
385,2026-05-19 10:00:57.978,32.4,5.70,4.088,24362,163.53,39.62,1977,2762,2424,7590,ON
386,2026-05-19 10:00:58.478,32.4,5.76,4.070,24374,163.43,39.72,1931,2576,2370,7064,ON
387,2026-05-19 10:00:58.978,32.4,5.84,4.029,24390,163.33,39.81,1879,2369,2303,6661,ON
388,2026-05-19 10:00:59.478,32.4,6.09,3.988,24413,163.23,39.92,1807,2094,2208,6251,ON
389,2026-05-19 10:00:59.978,32.4,6.38,3.925,24472,163.12,40.02,1748,1879,2130,5796,ON
390,2026-05-19 10:01:00.478,32.4,6.74,3.902,24553,163.02,40.12,1690,1680,2053,5580,ON
391,2026-05-19 10:01:00.978,32.4,7.25,3.793,24632,162.92,40.23,1653,1548,2002,5423,ON
392,2026-05-19 10:01:01.478,32.5,7.94,3.737,24716,162.82,40.32,1632,1473,1972,5377,ON
393,2026-05-19 10:01:01.978,32.5,8.26,3.680,24790,162.72,40.42,1626,1435,1960,5314,ON
394,2026-05-19 10:01:02.478,32.5,8.59,3.617,24843,162.62,40.53,1619,1411,1952,5320,ON
395,2026-05-19 10:01:02.978,32.5,8.92,3.570,24912,162.52,40.62,1619,1401,1951,5270,ON
396,2026-05-19 10:01:03.478,32.5,9.23,3.548,24990,162.42,40.72,1620,1395,1950,5247,ON
397,2026-05-19 10:01:03.978,32.5,9.65,3.463,25042,162.31,40.84,1613,1389,1946,5207,ON
398,2026-05-19 10:01:04.478,32.5,9.84,3.452,25078,162.20,40.94,1609,1381,1938,5214,ON
399,2026-05-19 10:01:04.978,32.5,9.89,3.432,25119,162.10,41.04,1610,1382,1939,5221,ON
400,2026-05-19 10:01:05.478,32.5,9.93,3.425,25157,162.01,41.14,1605,1377,1934,5224,ON
401,2026-05-19 10:01:05.978,32.5,10.07,3.372,25194,161.90,41.25,1597,1369,1922,5195,ON
402,2026-05-19 10:01:06.478,32.5,10.24,3.384,25226,161.80,41.34,1599,1370,1926,5212,ON
403,2026-05-19 10:01:06.978,32.5,10.35,3.359,25263,161.70,41.45,1598,1370,1926,5232,ON
404,2026-05-19 10:01:07.478,32.5,10.48,3.351,25328,161.59,41.55,1601,1370,1925,5205,ON
405,2026-05-19 10:01:07.978,32.5,10.47,3.346,25386,161.50,41.65,1607,1377,1934,5193,ON
406,2026-05-19 10:01:08.478,32.5,10.43,3.360,25454,161.39,41.75,1607,1379,1935,5260,ON
407,2026-05-19 10:01:08.978,32.5,10.49,3.346,25513,161.30,41.84,1609,1379,1933,5247,ON
408,2026-05-19 10:01:09.478,32.5,10.53,3.369,25559,161.19,41.96,1607,1378,1933,5173,ON
409,2026-05-19 10:01:09.978,32.5,10.54,3.342,25606,161.08,42.07,1610,1378,1934,5248,ON
410,2026-05-19 10:01:10.478,32.5,10.55,3.323,25658,160.97,42.17,1605,1376,1932,5221,ON
411,2026-05-19 10:01:10.978,32.5,10.65,3.316,25728,160.87,42.27,1601,1373,1926,5202,ON
412,2026-05-19 10:01:11.478,32.5,10.70,3.316,25784,160.78,42.37,1600,1370,1922,5213,ON
413,2026-05-19 10:01:11.978,32.5,10.69,3.329,25837,160.68,42.47,1597,1370,1924,5079,ON
414,2026-05-19 10:01:12.478,32.5,10.64,3.341,25893,160.57,42.57,1600,1376,1930,5185,ON
415,2026-05-19 10:01:12.978,32.5,10.66,3.325,25956,160.47,42.67,1592,1369,1918,5221,ON
416,2026-05-19 10:01:13.478,32.5,10.65,3.320,26013,160.37,42.77,1596,1371,1922,5222,ON
417,2026-05-19 10:01:13.978,32.5,10.66,3.342,26062,160.27,42.88,1596,1370,1920,5224,ON
418,2026-05-19 10:01:14.478,32.5,10.65,3.328,26115,160.16,42.98,1599,1371,1922,5210,ON
419,2026-05-19 10:01:14.978,32.5,10.73,3.300,26163,160.07,43.08,1602,1376,1925,5259,ON
420,2026-05-19 10:01:15.478,32.5,10.78,3.302,26221,159.97,43.18,1601,1377,1928,5231,ON
421,2026-05-19 10:01:15.978,32.5,10.78,3.308,26286,159.85,43.29,1605,1381,1932,5184,ON
422,2026-05-19 10:01:16.478,32.6,10.76,3.312,26350,159.75,43.39,1605,1382,1931,5196,ON
423,2026-05-19 10:01:16.978,32.5,10.80,3.298,26413,159.65,43.49,1603,1381,1931,5209,ON
424,2026-05-19 10:01:17.478,32.5,10.81,3.321,26471,159.55,43.59,1605,1384,1934,5244,ON
425,2026-05-19 10:01:17.978,32.5,10.80,3.311,26526,159.45,43.70,1599,1376,1924,5193,ON
426,2026-05-19 10:01:18.478,32.6,10.80,3.309,26579,159.35,43.80,1596,1375,1923,5178,ON
427,2026-05-19 10:01:18.978,32.6,10.81,3.296,26636,159.25,43.90,1592,1372,1918,5197,ON
428,2026-05-19 10:01:19.478,32.5,10.85,3.310,26696,159.15,44.00,1591,1372,1917,5183,ON
429,2026-05-19 10:01:19.978,32.5,10.84,3.306,26758,159.05,44.10,1598,1379,1925,5257,ON
430,2026-05-19 10:01:20.478,32.5,10.83,3.280,26820,158.94,44.20,1602,1384,1930,5270,ON
431,2026-05-19 10:01:20.978,32.5,10.86,3.288,26866,158.84,44.30,1606,1389,1934,5254,ON
432,2026-05-19 10:01:21.478,32.5,10.91,3.289,26913,158.75,44.40,1607,1390,1934,5240,ON
433,2026-05-19 10:01:21.978,32.5,10.91,3.283,26959,158.63,44.52,1611,1393,1938,5179,ON
434,2026-05-19 10:01:22.478,32.6,10.87,3.299,27003,158.53,44.62,1613,1395,1940,5259,ON
435,2026-05-19 10:01:22.978,32.5,10.87,3.289,27059,158.43,44.72,1616,1397,1943,5272,ON
436,2026-05-19 10:01:23.478,32.5,10.91,3.274,27130,158.33,44.82,1625,1404,1950,5270,ON
437,2026-05-19 10:01:23.978,32.5,10.91,3.292,27188,158.23,44.92,1609,1393,1935,5248,ON
438,2026-05-19 10:01:24.478,32.6,10.91,3.282,27233,158.12,45.02,1607,1390,1931,5238,ON
439,2026-05-19 10:01:24.978,32.6,10.95,3.273,27276,158.02,45.12,1599,1385,1923,5195,ON
440,2026-05-19 10:01:25.478,32.5,10.99,3.285,27312,157.92,45.22,1596,1383,1920,5162,ON
441,2026-05-19 10:01:25.978,32.5,10.98,3.280,27354,157.82,45.32,1602,1391,1930,5263,ON
442,2026-05-19 10:01:26.478,32.6,10.99,3.266,27406,157.72,45.42,1597,1386,1922,5260,ON
443,2026-05-19 10:01:26.978,32.6,11.00,3.273,27469,157.63,45.52,1609,1399,1937,5288,ON
444,2026-05-19 10:01:27.478,32.6,11.03,3.275,27528,157.52,45.63,1612,1399,1938,5265,ON
445,2026-05-19 10:01:27.978,32.5,11.00,3.291,27585,157.42,45.73,1617,1404,1942,5162,ON
446,2026-05-19 10:01:28.478,32.5,11.01,3.274,27640,157.31,45.84,1618,1407,1945,5328,ON
447,2026-05-19 10:01:28.978,32.5,11.05,3.257,27689,157.20,45.94,1613,1403,1940,5280,ON
448,2026-05-19 10:01:29.478,32.6,11.08,3.281,27735,157.11,46.04,1616,1407,1945,5285,ON
449,2026-05-19 10:01:29.978,32.6,11.03,3.289,27784,157.00,46.14,1631,1416,1955,5306,ON
450,2026-05-19 10:01:30.478,32.6,11.06,3.252,27834,156.90,46.25,1621,1411,1946,5276,ON
451,2026-05-19 10:01:30.978,32.6,11.04,3.292,27897,156.80,46.35,1615,1405,1940,5157,ON
452,2026-05-19 10:01:31.478,32.5,11.04,3.263,27951,156.69,46.45,1613,1406,1940,5308,ON
453,2026-05-19 10:01:31.978,32.5,11.07,3.261,28000,156.60,46.55,1612,1408,1940,5296,ON
454,2026-05-19 10:01:32.478,32.6,11.07,3.275,28044,156.49,46.65,1611,1408,1941,5266,ON
455,2026-05-19 10:01:32.978,32.6,11.04,3.260,28080,156.39,46.75,1609,1407,1938,5271,ON
456,2026-05-19 10:01:33.478,32.6,11.06,3.259,28113,156.29,46.86,1613,1410,1941,5296,ON
457,2026-05-19 10:01:33.978,32.6,11.07,3.289,28152,156.19,46.95,1621,1418,1951,5324,ON
458,2026-05-19 10:01:34.478,32.6,11.04,3.269,28208,156.08,47.07,1621,1419,1950,5327,ON
459,2026-05-19 10:01:34.978,32.6,11.04,3.278,28257,155.97,47.18,1621,1419,1949,5255,ON
460,2026-05-19 10:01:35.478,32.5,11.08,3.259,28310,155.87,47.27,1624,1424,1952,5342,ON
461,2026-05-19 10:01:35.978,32.5,11.07,3.254,28369,155.78,47.37,1625,1428,1956,5313,ON
462,2026-05-19 10:01:36.478,32.5,11.06,3.264,28443,155.67,47.47,1620,1422,1949,5291,ON
463,2026-05-19 10:01:36.978,32.5,11.07,3.270,28504,155.57,47.57,1622,1427,1958,5300,ON
464,2026-05-19 10:01:37.478,32.6,11.11,3.244,28552,155.47,47.68,1613,1419,1945,5294,ON
465,2026-05-19 10:01:37.978,32.6,11.12,3.259,28620,155.37,47.77,1612,1417,1942,5276,ON
466,2026-05-19 10:01:38.478,32.6,11.06,3.250,28693,155.27,47.88,1611,1419,1942,5213,ON
467,2026-05-19 10:01:38.978,32.6,11.10,3.249,28749,155.16,47.98,1612,1421,1944,5286,ON
468,2026-05-19 10:01:39.478,32.6,11.15,3.263,28800,155.06,48.08,1616,1425,1948,5326,ON
469,2026-05-19 10:01:39.978,32.6,11.14,3.265,28853,154.96,48.18,1615,1425,1946,5323,ON
470,2026-05-19 10:01:40.478,32.6,11.10,3.250,28897,154.85,48.30,1619,1428,1949,5250,ON
471,2026-05-19 10:01:40.978,32.6,11.13,3.255,28928,154.75,48.40,1624,1435,1957,5372,ON
472,2026-05-19 10:01:41.478,32.6,11.17,3.220,28965,154.65,48.50,1622,1433,1953,5368,ON
473,2026-05-19 10:01:41.978,32.5,11.17,3.248,29009,154.54,48.60,1630,1440,1962,5248,ON
474,2026-05-19 10:01:42.478,32.5,11.11,3.234,29058,154.44,48.71,1629,1441,1962,5367,ON
475,2026-05-19 10:01:42.978,32.5,11.16,3.244,29140,154.34,48.80,1626,1440,1959,5352,ON
476,2026-05-19 10:01:43.478,32.6,11.22,3.235,29206,154.24,48.90,1625,1441,1961,5333,ON
477,2026-05-19 10:01:43.978,32.6,11.22,3.239,29257,154.14,49.00,1618,1435,1953,5263,ON
478,2026-05-19 10:01:44.478,32.6,11.19,3.259,29293,154.04,49.10,1613,1434,1950,5320,ON
479,2026-05-19 10:01:44.978,32.6,11.17,3.236,29336,153.95,49.20,1610,1431,1943,5354,ON
480,2026-05-19 10:01:45.478,32.6,11.17,3.239,29381,153.84,49.31,1611,1432,1944,5263,ON
481,2026-05-19 10:01:45.978,32.6,11.16,3.240,29432,153.74,49.41,1620,1441,1955,5390,ON
482,2026-05-19 10:01:46.478,32.6,11.20,3.238,29474,153.64,49.51,1623,1446,1958,5354,ON
483,2026-05-19 10:01:46.978,32.5,11.22,3.228,29530,153.52,49.62,1625,1448,1959,5367,ON
484,2026-05-19 10:01:47.478,32.5,11.27,3.223,29580,153.42,49.72,1634,1457,1969,5378,ON
485,2026-05-19 10:01:47.978,32.5,11.27,3.230,29624,153.32,49.82,1630,1455,1966,5411,ON
486,2026-05-19 10:01:48.478,32.5,11.21,3.253,29660,153.22,49.93,1631,1456,1965,5298,ON
487,2026-05-19 10:01:48.978,32.5,11.20,3.254,29705,153.12,50.02,1627,1454,1963,5342,ON
488,2026-05-19 10:01:49.478,32.5,11.26,3.217,29762,153.02,50.12,1619,1447,1953,5349,ON
489,2026-05-19 10:01:49.978,32.6,11.23,3.251,29813,152.92,50.23,1625,1453,1959,5367,ON
490,2026-05-19 10:01:50.478,32.6,11.24,3.234,29865,152.82,50.33,1621,1452,1957,5384,ON
491,2026-05-19 10:01:50.978,32.6,11.28,3.266,29924,152.72,50.43,1617,1448,1951,5379,ON
492,2026-05-19 10:01:51.478,32.6,11.22,3.238,29971,152.62,50.53,1625,1458,1962,5391,ON
493,2026-05-19 10:01:51.978,32.6,11.21,3.222,30011,152.51,50.63,1628,1464,1968,5415,ON
494,2026-05-19 10:01:52.478,32.6,11.25,3.217,30054,152.41,50.73,1636,1469,1972,5328,ON
495,2026-05-19 10:01:52.978,32.5,11.27,3.236,30096,152.32,50.83,1630,1467,1967,5415,ON
496,2026-05-19 10:01:53.478,32.5,11.25,3.247,30134,152.20,50.95,1629,1467,1965,5408,ON
497,2026-05-19 10:01:53.978,32.5,11.24,3.213,30187,152.09,51.05,1636,1473,1972,5391,ON
498,2026-05-19 10:01:54.478,32.5,11.25,3.240,30242,152.00,51.15,1632,1472,1969,5419,ON
499,2026-05-19 10:01:54.978,32.6,11.27,3.229,30287,151.89,51.26,1630,1471,1967,5333,ON
500,2026-05-19 10:01:55.478,32.5,11.26,3.229,30326,151.79,51.35,1628,1471,1966,5384,ON
501,2026-05-19 10:01:55.978,32.5,11.25,3.205,30357,151.70,51.45,1623,1467,1960,5358,ON
502,2026-05-19 10:01:56.478,32.5,11.26,3.263,30393,151.59,51.55,1622,1467,1960,5383,ON
503,2026-05-19 10:01:56.978,32.5,11.23,3.241,30433,151.49,51.65,1628,1473,1965,5405,ON
504,2026-05-19 10:01:57.478,32.5,11.26,3.233,30470,151.39,51.76,1627,1473,1964,5345,ON
505,2026-05-19 10:01:57.978,32.6,11.33,3.233,30521,151.29,51.86,1633,1482,1971,5426,ON
506,2026-05-19 10:01:58.478,32.5,11.29,3.230,30571,151.17,51.97,1638,1485,1975,5497,ON
507,2026-05-19 10:01:58.978,32.5,11.30,3.232,30619,151.07,52.07,1639,1487,1975,5436,ON
508,2026-05-19 10:01:59.478,32.5,11.34,3.211,30669,150.97,52.17,1645,1495,1984,5437,ON
509,2026-05-19 10:01:59.978,32.5,11.36,3.221,30727,150.87,52.27,1640,1493,1981,5473,ON
510,2026-05-19 10:02:00.478,32.5,11.30,3.232,30788,150.77,52.38,1643,1495,1981,5425,ON
511,2026-05-19 10:02:00.978,32.5,11.30,3.227,30843,150.67,52.48,1639,1492,1977,5458,ON
512,2026-05-19 10:02:01.478,32.6,11.33,3.213,30901,150.57,52.58,1635,1493,1975,5445,ON
513,2026-05-19 10:02:01.978,32.6,11.37,3.200,30948,150.46,52.68,1629,1487,1967,5386,ON
514,2026-05-19 10:02:02.478,32.5,11.34,3.249,30983,150.37,52.78,1632,1492,1973,5422,ON
515,2026-05-19 10:02:02.978,32.5,11.32,3.217,31023,150.27,52.88,1629,1490,1970,5455,ON
516,2026-05-19 10:02:03.478,32.5,11.35,3.225,31065,150.16,52.98,1632,1494,1973,5427,ON
517,2026-05-19 10:02:03.978,32.5,11.31,3.231,31097,150.06,53.09,1636,1501,1978,5485,ON
518,2026-05-19 10:02:04.478,32.5,11.32,3.224,31154,149.96,53.19,1636,1503,1977,5485,ON
519,2026-05-19 10:02:04.978,32.5,11.33,3.217,31221,149.84,53.30,1643,1509,1984,5472,ON
520,2026-05-19 10:02:05.478,32.5,11.29,3.245,31292,149.74,53.41,1645,1511,1984,5463,ON
521,2026-05-19 10:02:05.978,32.5,11.29,3.225,31340,149.64,53.50,1645,1512,1984,5492,ON
522,2026-05-19 10:02:06.478,32.5,11.34,3.222,31395,149.54,53.60,1643,1513,1984,5472,ON
523,2026-05-19 10:02:06.978,32.5,11.31,3.231,31441,149.44,53.70,1641,1512,1981,5469,ON
524,2026-05-19 10:02:07.478,32.5,11.32,3.208,31475,149.33,53.81,1637,1511,1978,5448,ON
525,2026-05-19 10:02:07.978,32.5,11.35,3.215,31509,149.23,53.92,1632,1510,1977,5482,ON
526,2026-05-19 10:02:08.478,32.5,11.34,3.231,31550,149.13,54.02,1639,1515,1981,5485,ON
527,2026-05-19 10:02:08.978,32.5,11.33,3.232,31612,149.02,54.13,1639,1518,1982,5507,ON
528,2026-05-19 10:02:09.478,32.5,11.32,3.225,31668,148.92,54.23,1638,1518,1983,5502,ON
529,2026-05-19 10:02:09.978,32.5,11.34,3.220,31720,148.82,54.33,1644,1524,1988,5525,ON
530,2026-05-19 10:02:10.478,32.5,11.36,3.216,31752,148.71,54.43,1649,1531,1996,5475,ON
531,2026-05-19 10:02:10.978,32.5,11.32,3.218,31785,148.61,54.54,1652,1534,1997,5543,ON
532,2026-05-19 10:02:11.478,32.5,11.34,3.189,31817,148.51,54.64,1651,1535,1996,5543,ON
533,2026-05-19 10:02:11.978,32.6,11.39,3.225,31844,148.40,54.74,1655,1540,1999,5545,ON
534,2026-05-19 10:02:12.478,32.6,11.35,3.228,31880,148.30,54.84,1654,1540,1996,5535,ON
535,2026-05-19 10:02:12.978,32.5,11.33,3.207,31933,148.20,54.95,1653,1539,1995,5465,ON
536,2026-05-19 10:02:13.478,32.5,11.40,3.200,31992,148.10,55.05,1649,1538,1993,5494,ON
537,2026-05-19 10:02:13.978,32.5,11.39,3.194,32046,147.99,55.15,1645,1536,1988,5528,ON
538,2026-05-19 10:02:14.478,32.5,11.37,3.222,32112,147.89,55.26,1642,1535,1985,5494,ON
539,2026-05-19 10:02:14.978,32.5,11.38,3.200,32157,147.79,55.35,1643,1539,1988,5520,ON
540,2026-05-19 10:02:15.478,32.5,11.45,3.202,32192,147.69,55.46,1645,1543,1990,5548,ON
541,2026-05-19 10:02:15.978,32.5,11.43,3.232,32234,147.59,55.56,1650,1547,1995,5475,ON
542,2026-05-19 10:02:16.478,32.5,11.37,3.213,32278,147.47,55.68,1652,1552,1998,5575,ON
543,2026-05-19 10:02:16.978,32.5,11.38,3.214,32318,147.36,55.78,1654,1556,2001,5606,ON
544,2026-05-19 10:02:17.478,32.5,11.42,3.216,32369,147.26,55.88,1659,1561,2006,5544,ON
545,2026-05-19 10:02:17.978,32.5,11.38,3.213,32418,147.16,55.99,1661,1567,2011,5580,ON
546,2026-05-19 10:02:18.478,32.5,11.35,3.223,32462,147.06,56.08,1661,1566,2007,5586,ON
547,2026-05-19 10:02:18.978,32.5,11.34,3.202,32495,146.96,56.19,1660,1566,2006,5508,ON
548,2026-05-19 10:02:19.478,32.5,11.42,3.218,32529,146.86,56.29,1656,1566,2008,5577,ON
549,2026-05-19 10:02:19.978,32.5,11.39,3.226,32589,146.75,56.39,1648,1561,1998,5569,ON
550,2026-05-19 10:02:20.478,32.5,11.37,3.217,32632,146.65,56.49,1652,1565,2000,5582,ON
551,2026-05-19 10:02:20.978,32.5,11.36,3.216,32678,146.55,56.60,1652,1566,2000,5492,ON
552,2026-05-19 10:02:21.478,32.5,11.43,3.213,32733,146.45,56.70,1659,1575,2009,5658,ON
553,2026-05-19 10:02:21.978,32.5,11.39,3.229,32786,146.35,56.80,1659,1578,2009,5594,ON
554,2026-05-19 10:02:22.478,32.5,11.35,3.221,32818,146.23,56.91,1660,1580,2010,5581,ON
555,2026-05-19 10:02:22.978,32.5,11.38,3.208,32845,146.13,57.02,1662,1584,2012,5632,ON
556,2026-05-19 10:02:23.478,32.5,11.42,3.209,32875,146.02,57.12,1665,1589,2017,5645,ON
557,2026-05-19 10:02:23.978,32.5,11.41,3.232,32919,145.92,57.23,1671,1594,2022,5623,ON
558,2026-05-19 10:02:24.478,32.5,11.40,3.189,32968,145.83,57.32,1667,1593,2018,5648,ON
559,2026-05-19 10:02:24.978,32.5,11.42,3.189,33030,145.72,57.42,1666,1594,2019,5616,ON
560,2026-05-19 10:02:25.478,32.5,11.41,3.202,33082,145.62,57.52,1664,1593,2019,5577,ON
561,2026-05-19 10:02:25.978,32.5,11.40,3.218,33137,145.52,57.63,1661,1593,2014,5637,ON
562,2026-05-19 10:02:26.478,32.5,11.41,3.215,33180,145.41,57.73,1656,1591,2008,5620,ON
563,2026-05-19 10:02:26.978,32.5,11.40,3.209,33227,145.31,57.83,1656,1590,2005,5526,ON
564,2026-05-19 10:02:27.478,32.5,11.40,3.217,33269,145.21,57.93,1662,1596,2011,5644,ON
565,2026-05-19 10:02:27.978,32.5,11.37,3.197,33336,145.11,58.04,1658,1596,2008,5679,ON
566,2026-05-19 10:02:28.478,32.5,11.41,3.191,33383,144.99,58.15,1665,1605,2016,5642,ON
567,2026-05-19 10:02:28.978,32.5,11.44,3.226,33419,144.89,58.25,1670,1611,2022,5675,ON
568,2026-05-19 10:02:29.478,32.5,11.41,3.211,33474,144.79,58.36,1673,1618,2028,5675,ON
569,2026-05-19 10:02:29.978,32.5,11.39,3.197,33508,144.72,58.42,1672,1618,2029,5681,ON
570,2026-05-19 10:02:30.478,32.5,11.39,3.229,33536,144.61,58.53,1675,1623,2031,5730,ON
571,2026-05-19 10:02:30.978,32.5,11.36,3.213,33575,144.50,58.65,1687,1632,2039,5749,ON
572,2026-05-19 10:02:31.478,32.5,11.44,3.195,33611,144.40,58.75,1687,1634,2041,5702,ON
573,2026-05-19 10:02:31.978,32.5,11.47,3.201,33640,144.30,58.85,1679,1632,2037,5721,ON
574,2026-05-19 10:02:32.478,32.5,11.44,3.204,33686,144.19,58.95,1669,1623,2023,5727,ON
575,2026-05-19 10:02:32.978,32.5,11.46,3.210,33727,144.09,59.05,1676,1629,2029,5657,ON
576,2026-05-19 10:02:33.478,32.5,11.44,3.212,33759,143.99,59.15,1674,1629,2030,5703,ON
577,2026-05-19 10:02:33.978,32.5,11.40,3.223,33792,143.89,59.26,1669,1625,2023,5632,ON
578,2026-05-19 10:02:34.478,32.5,11.45,3.208,33834,143.79,59.36,1675,1634,2029,5732,ON
579,2026-05-19 10:02:34.978,32.5,11.44,3.220,33874,143.69,59.46,1681,1642,2036,5739,ON
580,2026-05-19 10:02:35.478,32.5,11.42,3.212,33926,143.58,59.56,1683,1645,2039,5746,ON
581,2026-05-19 10:02:35.978,32.5,11.43,3.195,33972,143.48,59.66,1687,1649,2043,5721,ON
582,2026-05-19 10:02:36.478,32.5,11.45,3.203,34020,143.39,59.76,1689,1656,2047,5804,ON
583,2026-05-19 10:02:36.978,32.5,11.49,3.212,34063,143.27,59.88,1685,1655,2043,5775,ON
584,2026-05-19 10:02:37.478,32.5,11.46,3.207,34098,143.17,59.97,1692,1662,2050,5717,ON
585,2026-05-19 10:02:37.978,32.5,11.45,3.186,34127,143.06,60.09,1687,1660,2047,5801,ON
586,2026-05-19 10:02:38.478,32.5,11.49,3.195,34155,142.97,60.18,1683,1658,2041,5784,ON
587,2026-05-19 10:02:38.978,32.5,11.46,3.200,34185,142.87,60.28,1683,1658,2041,5700,ON
588,2026-05-19 10:02:39.478,32.5,11.45,3.211,34222,142.77,60.38,1680,1659,2040,5795,ON
589,2026-05-19 10:02:39.978,32.5,11.46,3.196,34280,142.66,60.49,1682,1663,2041,5744,ON
590,2026-05-19 10:02:40.478,32.5,11.46,3.221,34335,142.56,60.59,1681,1664,2040,5757,ON
591,2026-05-19 10:02:40.978,32.5,11.40,3.206,34377,142.46,60.69,1690,1673,2050,5743,ON
592,2026-05-19 10:02:41.478,32.5,11.44,3.182,34408,142.35,60.80,1692,1678,2052,5829,ON
593,2026-05-19 10:02:41.978,32.5,11.46,3.212,34436,142.25,60.90,1691,1680,2052,5833,ON
594,2026-05-19 10:02:42.478,32.5,11.41,3.217,34459,142.14,61.01,1702,1691,2061,5761,ON
595,2026-05-19 10:02:42.978,32.5,11.42,3.206,34486,142.03,61.11,1700,1693,2061,5802,ON
596,2026-05-19 10:02:43.478,32.5,11.46,3.199,34535,141.93,61.22,1700,1695,2061,5866,ON
597,2026-05-19 10:02:43.978,32.5,11.49,3.195,34589,141.83,61.32,1699,1697,2058,5872,ON
598,2026-05-19 10:02:44.478,32.5,11.47,3.210,34636,141.73,61.42,1698,1696,2058,5719,ON
599,2026-05-19 10:02:44.978,32.5,11.47,3.190,34675,141.62,61.52,1697,1695,2051,5815,ON
600,2026-05-19 10:02:45.478,32.5,11.47,3.185,34705,141.53,61.62,1689,1690,2048,5841,ON
601,2026-05-19 10:02:45.978,32.5,11.43,3.217,34738,141.43,61.72,1689,1693,2049,5783,ON
602,2026-05-19 10:02:46.478,32.5,11.43,3.197,34766,141.32,61.83,1688,1695,2050,5820,ON
603,2026-05-19 10:02:46.978,32.5,11.46,3.211,34813,141.22,61.92,1692,1700,2054,5735,ON
604,2026-05-19 10:02:47.478,32.5,11.44,3.206,34870,141.12,62.03,1697,1707,2061,5802,ON
605,2026-05-19 10:02:47.978,32.5,11.46,3.190,34920,141.00,62.15,1693,1705,2055,5861,ON
606,2026-05-19 10:02:48.478,32.5,11.48,3.200,34956,140.90,62.24,1697,1711,2059,5830,ON
607,2026-05-19 10:02:48.978,32.5,11.47,3.198,34993,140.80,62.35,1705,1721,2068,5910,ON
608,2026-05-19 10:02:49.478,32.5,11.48,3.195,35031,140.69,62.45,1704,1722,2066,5899,ON
609,2026-05-19 10:02:49.978,32.5,11.50,3.208,35068,140.60,62.55,1706,1731,2073,5940,ON
610,2026-05-19 10:02:50.478,32.5,11.45,3.218,35107,140.49,62.65,1710,1729,2071,5802,ON
611,2026-05-19 10:02:50.978,32.5,11.43,3.209,35152,140.39,62.75,1707,1729,2068,5936,ON
612,2026-05-19 10:02:51.478,32.5,11.46,3.187,35201,140.29,62.86,1709,1732,2070,5911,ON
613,2026-05-19 10:02:51.978,32.5,11.47,3.198,35239,140.19,62.96,1703,1732,2069,5834,ON
614,2026-05-19 10:02:52.478,32.5,11.49,3.198,35284,140.09,63.06,1706,1736,2072,5952,ON
615,2026-05-19 10:02:52.978,32.5,11.47,3.215,35335,139.99,63.16,1703,1733,2066,5931,ON
616,2026-05-19 10:02:53.478,32.5,11.46,3.195,35357,139.88,63.26,1709,1740,2071,5925,ON
617,2026-05-19 10:02:53.978,32.5,11.51,3.194,35385,139.77,63.37,1704,1740,2069,5874,ON
618,2026-05-19 10:02:54.478,32.5,11.51,3.194,35426,139.67,63.48,1703,1742,2068,5929,ON
619,2026-05-19 10:02:54.978,32.5,11.51,3.201,35481,139.56,63.58,1710,1750,2075,5948,ON
620,2026-05-19 10:02:55.478,32.5,11.49,3.176,35541,139.46,63.68,1713,1754,2078,5909,ON
621,2026-05-19 10:02:55.978,32.5,11.49,3.217,35592,139.36,63.78,1721,1766,2089,5918,ON
622,2026-05-19 10:02:56.478,32.5,11.47,3.201,35642,139.26,63.88,1721,1768,2088,5995,ON
623,2026-05-19 10:02:56.978,32.5,11.49,3.196,35679,139.16,63.98,1722,1772,2088,5986,ON
624,2026-05-19 10:02:57.478,32.5,11.53,3.181,35725,139.05,64.09,1718,1769,2085,5989,ON
625,2026-05-19 10:02:57.978,32.5,11.53,3.197,35783,138.95,64.19,1719,1772,2086,5848,ON
626,2026-05-19 10:02:58.478,32.5,11.54,3.185,35840,138.85,64.29,1719,1774,2086,5980,ON
627,2026-05-19 10:02:58.978,32.5,11.56,3.215,35885,138.75,64.39,1711,1769,2079,5970,ON
628,2026-05-19 10:02:59.478,32.5,11.49,3.210,35927,138.65,64.49,1710,1769,2078,5969,ON
629,2026-05-19 10:02:59.978,32.5,11.46,3.212,35972,138.55,64.60,1711,1773,2079,5959,ON
630,2026-05-19 10:03:00.478,32.5,11.49,3.172,36001,138.43,64.71,1706,1771,2075,5971,ON
631,2026-05-19 10:03:00.978,32.5,11.53,3.195,36025,138.34,64.81,1723,1787,2090,5944,ON
632,2026-05-19 10:03:01.478,32.5,11.53,3.183,36052,138.23,64.91,1718,1788,2088,6004,ON
633,2026-05-19 10:03:01.978,32.5,11.59,3.178,36090,138.13,65.02,1723,1794,2090,5987,ON
634,2026-05-19 10:03:02.478,32.5,11.61,3.214,36129,138.03,65.12,1728,1802,2097,6077,ON
635,2026-05-19 10:03:02.978,32.5,11.51,3.199,36177,137.92,65.22,1728,1805,2099,6095,ON
636,2026-05-19 10:03:03.478,32.5,11.54,3.192,36222,137.82,65.33,1728,1804,2095,6047,ON
637,2026-05-19 10:03:03.978,32.5,11.59,3.178,36272,137.72,65.42,1721,1802,2092,5992,ON
638,2026-05-19 10:03:04.478,32.5,11.60,3.177,36317,137.62,65.53,1722,1804,2093,6021,ON
639,2026-05-19 10:03:04.978,32.5,11.60,3.176,36345,137.51,65.63,1717,1801,2086,6014,ON
640,2026-05-19 10:03:05.478,32.5,11.60,3.176,36396,137.42,65.73,1719,1804,2087,6029,ON
641,2026-05-19 10:03:05.978,32.5,11.58,3.202,36439,137.30,65.84,1721,1808,2090,5929,ON
642,2026-05-19 10:03:06.478,32.5,11.54,3.190,36472,137.20,65.94,1726,1815,2094,6063,ON
643,2026-05-19 10:03:06.978,32.5,11.56,3.175,36516,137.10,66.05,1730,1824,2098,6091,ON
644,2026-05-19 10:03:07.478,32.5,11.60,3.173,36559,137.00,66.15,1734,1828,2101,6113,ON
645,2026-05-19 10:03:07.978,32.5,11.63,3.181,36591,136.88,66.26,1742,1839,2113,5990,ON
646,2026-05-19 10:03:08.478,32.5,11.64,3.160,36611,136.80,66.35,1743,1843,2115,6147,ON
647,2026-05-19 10:03:08.978,32.5,11.65,3.180,36639,136.69,66.46,1753,1856,2125,6152,ON
648,2026-05-19 10:03:09.478,32.5,11.65,3.175,36681,136.59,66.55,1746,1850,2117,6113,ON
649,2026-05-19 10:03:09.978,32.5,11.64,3.177,36734,136.49,66.66,1734,1841,2105,6103,ON
650,2026-05-19 10:03:10.478,32.5,11.68,3.150,36796,136.39,66.76,1731,1838,2100,6095,ON
651,2026-05-19 10:03:10.978,32.5,11.66,3.184,36850,136.28,66.86,1731,1842,2102,6080,ON
652,2026-05-19 10:03:11.478,32.5,11.67,3.177,36890,136.18,66.96,1732,1846,2104,6100,ON
653,2026-05-19 10:03:11.978,32.5,11.68,3.162,36914,136.07,67.07,1733,1850,2100,6099,ON
654,2026-05-19 10:03:12.478,32.5,11.63,3.183,36945,135.98,67.16,1739,1857,2108,6119,ON
655,2026-05-19 10:03:12.978,32.5,11.61,3.200,36966,135.86,67.28,1741,1865,2117,6192,ON
656,2026-05-19 10:03:13.478,32.5,11.65,3.174,37023,135.76,67.39,1742,1867,2116,6159,ON
657,2026-05-19 10:03:13.978,32.5,11.67,3.166,37090,135.65,67.49,1746,1873,2121,6094,ON
658,2026-05-19 10:03:14.478,32.5,11.67,3.178,37146,135.55,67.59,1748,1878,2122,6212,ON
659,2026-05-19 10:03:14.978,32.5,11.68,3.163,37188,135.45,67.69,1750,1881,2125,6186,ON
660,2026-05-19 10:03:15.478,32.5,11.69,3.166,37213,135.35,67.79,1749,1882,2124,6140,ON
661,2026-05-19 10:03:15.978,32.5,11.70,3.155,37237,135.25,67.89,1745,1880,2118,6169,ON
662,2026-05-19 10:03:16.478,32.5,11.67,3.174,37259,135.14,68.00,1737,1876,2111,6209,ON
663,2026-05-19 10:03:16.978,32.5,11.64,3.158,37289,135.04,68.10,1745,1886,2121,6163,ON
664,2026-05-19 10:03:17.478,32.5,11.69,3.163,37316,134.94,68.20,1740,1879,2111,6175,ON
665,2026-05-19 10:03:17.978,32.5,11.71,3.149,37349,134.84,68.30,1743,1888,2118,6167,ON
666,2026-05-19 10:03:18.478,32.5,11.70,3.162,37376,134.74,68.40,1743,1892,2119,6217,ON
667,2026-05-19 10:03:18.978,32.5,11.67,3.179,37409,134.64,68.50,1753,1906,2132,6208,ON
668,2026-05-19 10:03:19.478,32.5,11.65,3.165,37438,134.52,68.63,1751,1907,2128,6241,ON
669,2026-05-19 10:03:19.978,32.5,11.67,3.153,37462,134.42,68.72,1758,1914,2134,6182,ON
670,2026-05-19 10:03:20.478,32.5,11.73,3.171,37494,134.31,68.83,1759,1919,2137,6270,ON
671,2026-05-19 10:03:20.978,32.5,11.69,3.183,37529,134.22,68.93,1759,1921,2136,6289,ON
672,2026-05-19 10:03:21.478,32.5,11.69,3.151,37576,134.12,69.03,1764,1926,2139,6169,ON
673,2026-05-19 10:03:21.978,32.5,11.66,3.166,37629,134.01,69.13,1759,1927,2137,6290,ON
674,2026-05-19 10:03:22.478,32.5,11.65,3.181,37661,133.91,69.23,1760,1928,2141,6260,ON
675,2026-05-19 10:03:22.978,32.5,11.68,3.156,37698,133.81,69.33,1758,1929,2136,6257,ON
676,2026-05-19 10:03:23.478,32.5,11.69,3.163,37736,133.71,69.44,1754,1928,2133,6227,ON
677,2026-05-19 10:03:23.978,32.5,11.66,3.160,37775,133.60,69.54,1746,1922,2122,6266,ON
678,2026-05-19 10:03:24.478,32.5,11.69,3.160,37805,133.50,69.64,1755,1931,2134,6137,ON
679,2026-05-19 10:03:24.978,32.5,11.72,3.172,37853,133.38,69.76,1748,1929,2126,6257,ON
680,2026-05-19 10:03:25.478,32.5,11.65,3.191,37910,133.28,69.86,1752,1934,2129,6223,ON
681,2026-05-19 10:03:25.978,32.5,11.63,3.163,37957,133.18,69.96,1759,1946,2140,6298,ON
682,2026-05-19 10:03:26.478,32.5,11.67,3.162,38002,133.08,70.06,1760,1949,2140,6316,ON
683,2026-05-19 10:03:26.978,32.5,11.70,3.162,38036,132.98,70.16,1771,1964,2153,6340,ON
684,2026-05-19 10:03:27.478,32.5,11.67,3.188,38074,132.88,70.27,1766,1961,2147,6345,ON
685,2026-05-19 10:03:27.978,32.5,11.69,3.181,38097,132.77,70.38,1774,1971,2156,6270,ON
686,2026-05-19 10:03:28.478,32.5,11.70,3.176,38127,132.67,70.47,1766,1965,2147,6355,ON
687,2026-05-19 10:03:28.978,32.5,11.70,3.150,38186,132.57,70.58,1764,1966,2146,6349,ON
688,2026-05-19 10:03:29.478,32.5,11.72,3.168,38235,132.46,70.68,1767,1970,2149,6228,ON
689,2026-05-19 10:03:29.978,32.5,11.69,3.163,38273,132.36,70.79,1764,1970,2147,6295,ON
690,2026-05-19 10:03:30.478,32.5,11.65,3.183,38322,132.25,70.89,1762,1973,2148,6328,ON
691,2026-05-19 10:03:30.978,32.5,11.71,3.181,38360,132.14,71.00,1761,1975,2147,6307,ON
692,2026-05-19 10:03:31.478,32.5,11.68,3.174,38383,132.04,71.10,1761,1974,2144,6305,ON
693,2026-05-19 10:03:31.978,32.5,11.72,3.155,38396,131.95,71.20,1761,1978,2145,6368,ON
694,2026-05-19 10:03:32.478,32.5,11.73,3.164,38431,131.84,71.30,1774,1991,2155,6253,ON
695,2026-05-19 10:03:32.978,32.5,11.72,3.156,38469,131.74,71.40,1776,1998,2160,6409,ON
696,2026-05-19 10:03:33.478,32.5,11.72,3.156,38500,131.64,71.50,1777,2002,2162,6415,ON
697,2026-05-19 10:03:33.978,32.5,11.72,3.159,38536,131.54,71.61,1785,2012,2170,6300,ON
698,2026-05-19 10:03:34.478,32.5,11.70,3.174,38574,131.44,71.71,1784,2017,2172,6434,ON
699,2026-05-19 10:03:34.978,32.5,11.70,3.157,38598,131.33,71.81,1783,2018,2170,6396,ON
700,2026-05-19 10:03:35.478,32.5,11.71,3.162,38612,131.23,71.92,1780,2016,2166,6413,ON
701,2026-05-19 10:03:35.978,32.5,11.74,3.158,38624,131.13,72.02,1771,2009,2156,6448,ON
702,2026-05-19 10:03:36.478,32.5,11.76,3.149,38661,131.02,72.13,1775,2014,2160,6301,ON
703,2026-05-19 10:03:36.978,32.5,11.75,3.159,38691,130.92,72.23,1766,2009,2152,6398,ON
704,2026-05-19 10:03:37.478,32.5,11.75,3.158,38726,130.81,72.33,1765,2010,2151,6386,ON
705,2026-05-19 10:03:37.978,32.5,11.75,3.158,38775,130.71,72.43,1770,2015,2154,6399,ON
706,2026-05-19 10:03:38.478,32.5,11.77,3.169,38812,130.60,72.54,1777,2028,2164,6415,ON
707,2026-05-19 10:03:38.978,32.5,11.70,3.177,38834,130.51,72.64,1781,2031,2164,6434,ON
708,2026-05-19 10:03:39.478,32.5,11.67,3.169,38867,130.40,72.74,1786,2042,2172,6466,ON
709,2026-05-19 10:03:39.978,32.5,11.69,3.170,38912,130.30,72.85,1785,2045,2172,6481,ON
710,2026-05-19 10:03:40.478,32.5,11.71,3.187,38947,130.20,72.94,1792,2055,2180,6443,ON
711,2026-05-19 10:03:40.978,32.5,11.70,3.153,38986,130.10,73.05,1788,2053,2177,6487,ON
712,2026-05-19 10:03:41.478,32.5,11.71,3.167,39026,130.00,73.15,1789,2056,2178,6467,ON
713,2026-05-19 10:03:41.978,32.5,11.72,3.148,39078,129.90,73.25,1785,2056,2174,6518,ON
714,2026-05-19 10:03:42.478,32.5,11.74,3.145,39118,129.80,73.35,1786,2059,2175,6417,ON
715,2026-05-19 10:03:42.978,32.5,11.78,3.156,39151,129.68,73.46,1783,2058,2173,6465,ON
716,2026-05-19 10:03:43.478,32.5,11.74,3.175,39179,129.57,73.57,1783,2059,2170,6483,ON
717,2026-05-19 10:03:43.978,32.5,11.74,3.157,39214,129.47,73.67,1788,2066,2175,6400,ON
718,2026-05-19 10:03:44.478,32.5,11.75,3.152,39245,129.37,73.77,1787,2069,2173,6509,ON
719,2026-05-19 10:03:44.978,32.5,11.72,3.165,39289,129.27,73.87,1784,2068,2169,6533,ON
720,2026-05-19 10:03:45.478,32.5,11.72,3.161,39348,129.18,73.97,1795,2085,2183,6462,ON
721,2026-05-19 10:03:45.978,32.5,11.73,3.156,39386,129.07,74.08,1798,2091,2185,6575,ON
722,2026-05-19 10:03:46.478,32.5,11.76,3.158,39410,128.97,74.18,1793,2087,2180,6569,ON
723,2026-05-19 10:03:46.978,32.5,11.77,3.143,39453,128.86,74.28,1803,2101,2191,6470,ON
724,2026-05-19 10:03:47.478,32.5,11.77,3.154,39497,128.77,74.38,1801,2104,2192,6609,ON
725,2026-05-19 10:03:47.978,32.5,11.77,3.150,39524,128.66,74.48,1800,2105,2189,6578,ON
726,2026-05-19 10:03:48.478,32.5,11.75,3.155,39568,128.55,74.59,1799,2104,2188,6576,ON
727,2026-05-19 10:03:48.978,32.5,11.72,3.170,39621,128.44,74.70,1789,2097,2179,6536,ON
728,2026-05-19 10:03:49.478,32.5,11.71,3.158,39670,128.34,74.81,1793,2101,2182,6457,ON
729,2026-05-19 10:03:49.978,32.5,11.73,3.152,39700,128.24,74.91,1794,2108,2188,6558,ON
730,2026-05-19 10:03:50.478,32.5,11.78,3.156,39729,128.14,75.00,1793,2108,2187,6566,ON
731,2026-05-19 10:03:50.978,32.5,11.79,3.151,39767,128.04,75.11,1802,2120,2196,6501,ON
732,2026-05-19 10:03:51.478,32.5,11.78,3.158,39795,127.93,75.21,1801,2124,2199,6636,ON
733,2026-05-19 10:03:51.978,32.5,11.76,3.158,39840,127.84,75.31,1802,2129,2203,6635,ON
734,2026-05-19 10:03:52.478,32.5,11.77,3.151,39879,127.73,75.42,1809,2139,2212,6672,ON
735,2026-05-19 10:03:52.978,32.5,11.79,3.128,39910,127.63,75.52,1814,2146,2218,6650,ON
736,2026-05-19 10:03:53.478,32.5,11.77,3.166,39936,127.53,75.62,1808,2141,2212,6683,ON
737,2026-05-19 10:03:53.978,32.5,11.77,3.149,39955,127.42,75.73,1813,2150,2220,6560,ON
738,2026-05-19 10:03:54.478,32.5,11.76,3.157,39976,127.33,75.82,1807,2147,2215,6648,ON
739,2026-05-19 10:03:54.978,32.5,11.76,3.157,39998,127.22,75.93,1799,2142,2209,6668,ON
740,2026-05-19 10:03:55.478,32.5,11.79,3.152,40024,127.10,76.05,1801,2146,2210,6618,ON
741,2026-05-19 10:03:55.978,32.5,11.81,3.142,40058,127.00,76.14,1800,2147,2210,6658,ON
742,2026-05-19 10:03:56.478,32.5,11.80,3.147,40115,126.90,76.25,1805,2154,2216,6538,ON
743,2026-05-19 10:03:56.978,32.5,11.77,3.175,40157,126.79,76.35,1804,2158,2217,6681,ON
744,2026-05-19 10:03:57.478,32.5,11.79,3.127,40193,126.70,76.44,1811,2168,2221,6674,ON
745,2026-05-19 10:03:57.978,32.5,11.76,3.177,40230,126.59,76.55,1816,2175,2225,6731,ON
746,2026-05-19 10:03:58.478,32.5,11.73,3.159,40275,126.49,76.65,1815,2177,2221,6729,ON
747,2026-05-19 10:03:58.978,32.5,11.74,3.171,40303,126.39,76.75,1815,2181,2221,6671,ON
748,2026-05-19 10:03:59.478,32.5,11.75,3.147,40330,126.29,76.85,1817,2187,2225,6738,ON
749,2026-05-19 10:03:59.978,32.5,11.79,3.146,40358,126.19,76.95,1813,2186,2222,6760,ON
750,2026-05-19 10:04:00.478,32.5,11.76,3.165,40390,126.09,77.06,1818,2192,2227,6690,ON
751,2026-05-19 10:04:00.978,32.5,11.79,3.134,40413,125.98,77.16,1812,2191,2223,6708,ON
752,2026-05-19 10:04:01.478,32.5,11.82,3.143,40446,125.87,77.28,1808,2186,2216,6648,ON
753,2026-05-19 10:04:01.978,32.5,11.82,3.156,40480,125.78,77.37,1807,2188,2215,6712,ON
754,2026-05-19 10:04:02.478,32.5,11.84,3.136,40501,125.67,77.48,1808,2191,2215,6725,ON
755,2026-05-19 10:04:02.978,32.5,11.84,3.144,40519,125.56,77.58,1814,2201,2224,6688,ON
756,2026-05-19 10:04:03.478,32.5,11.85,3.133,40560,125.47,77.68,1812,2205,2222,6777,ON
757,2026-05-19 10:04:03.978,32.5,11.82,3.145,40599,125.36,77.78,1822,2218,2232,6707,ON
758,2026-05-19 10:04:04.478,32.5,11.84,3.154,40641,125.26,77.89,1827,2228,2238,6803,ON
759,2026-05-19 10:04:04.978,32.5,11.80,3.152,40686,125.16,77.99,1829,2237,2244,6827,ON
760,2026-05-19 10:04:05.478,32.5,11.80,3.146,40725,125.05,78.09,1832,2245,2253,6824,ON
761,2026-05-19 10:04:05.978,32.5,11.82,3.128,40748,124.95,78.19,1825,2240,2244,6838,ON
762,2026-05-19 10:04:06.478,32.5,11.88,3.145,40763,124.85,78.29,1833,2251,2256,6746,ON
763,2026-05-19 10:04:06.978,32.5,11.88,3.132,40806,124.74,78.40,1820,2246,2245,6815,ON
764,2026-05-19 10:04:07.478,32.5,11.88,3.148,40835,124.64,78.50,1812,2241,2237,6767,ON
765,2026-05-19 10:04:07.978,32.5,11.83,3.152,40863,124.54,78.61,1817,2249,2246,6691,ON
766,2026-05-19 10:04:08.478,32.5,11.87,3.124,40895,124.43,78.71,1815,2243,2237,6788,ON
767,2026-05-19 10:04:08.978,32.5,11.89,3.162,40933,124.33,78.82,1821,2241,2232,6785,ON
768,2026-05-19 10:04:09.478,32.5,11.79,3.160,40968,124.23,78.91,1825,2251,2238,6803,ON
769,2026-05-19 10:04:09.978,32.5,11.73,3.167,40989,124.13,79.02,1829,2257,2240,6865,ON
770,2026-05-19 10:04:10.478,32.5,11.76,3.140,41021,124.02,79.12,1836,2267,2244,6865,ON
771,2026-05-19 10:04:10.978,32.5,11.84,3.134,41051,123.92,79.22,1841,2275,2250,6834,ON
772,2026-05-19 10:04:11.478,32.5,11.88,3.128,41100,123.83,79.32,1838,2276,2248,6885,ON
773,2026-05-19 10:04:11.978,32.5,11.90,3.138,41138,123.72,79.42,1841,2280,2250,6885,ON
774,2026-05-19 10:04:12.478,32.5,11.86,3.149,41180,123.63,79.52,1837,2282,2249,6854,ON
775,2026-05-19 10:04:12.978,32.5,11.83,3.142,41217,123.52,79.62,1825,2272,2236,6873,ON
776,2026-05-19 10:04:13.478,32.5,11.85,3.123,41242,123.42,79.72,1824,2271,2233,6756,ON
777,2026-05-19 10:04:13.978,32.5,11.86,3.143,41266,123.30,79.84,1827,2278,2238,6934,ON
778,2026-05-19 10:04:14.478,32.5,11.83,3.155,41307,123.20,79.94,1829,2284,2240,6843,ON
779,2026-05-19 10:04:14.978,32.5,11.81,3.150,41340,123.10,80.04,1833,2289,2242,6858,ON
780,2026-05-19 10:04:15.478,32.5,11.81,3.144,41364,123.00,80.15,1841,2300,2252,6927,ON
781,2026-05-19 10:04:15.978,32.5,11.84,3.155,41404,122.90,80.25,1846,2306,2255,6864,ON
782,2026-05-19 10:04:16.478,32.5,11.84,3.135,41437,122.79,80.36,1841,2301,2250,6939,ON
783,2026-05-19 10:04:16.978,32.5,11.87,3.123,41460,122.69,80.46,1847,2308,2255,6880,ON
784,2026-05-19 10:04:17.478,32.5,11.86,3.118,41490,122.59,80.56,1846,2309,2256,6924,ON
785,2026-05-19 10:04:17.978,32.5,11.87,3.122,41528,122.48,80.66,1845,2308,2255,6883,ON
786,2026-05-19 10:04:18.478,32.5,11.89,3.147,41538,122.38,80.76,1841,2303,2249,6925,ON
787,2026-05-19 10:04:18.978,32.5,11.90,3.123,41574,122.29,80.86,1832,2291,2244,6876,ON
788,2026-05-19 10:04:19.478,32.5,11.91,3.121,41615,122.18,80.96,1836,2299,2246,6883,ON
789,2026-05-19 10:04:19.978,32.5,11.91,3.132,41648,122.07,81.08,1839,2305,2248,6915,ON
790,2026-05-19 10:04:20.478,32.5,11.90,3.155,41692,121.97,81.18,1845,2313,2253,6880,ON
791,2026-05-19 10:04:20.978,32.5,11.86,3.151,41727,121.86,81.28,1838,2309,2246,6921,ON
792,2026-05-19 10:04:21.478,32.5,11.84,3.140,41752,121.77,81.38,1840,2313,2248,6912,ON
793,2026-05-19 10:04:21.978,32.5,11.85,3.143,41770,121.67,81.48,1853,2332,2261,7004,ON
794,2026-05-19 10:04:22.478,32.5,11.85,3.141,41781,121.57,81.58,1851,2334,2259,6984,ON
795,2026-05-19 10:04:22.978,32.5,11.86,3.146,41825,121.46,81.68,1859,2346,2267,7004,ON
796,2026-05-19 10:04:23.478,32.5,11.88,3.123,41866,121.36,81.79,1855,2346,2266,6991,ON
797,2026-05-19 10:04:23.978,32.5,11.86,3.116,41894,121.26,81.89,1856,2348,2266,6985,ON
798,2026-05-19 10:04:24.478,32.5,11.86,3.141,41915,121.15,81.99,1856,2351,2267,7008,ON
799,2026-05-19 10:04:24.978,32.5,11.87,3.153,41945,121.06,82.09,1843,2338,2253,6951,ON
800,2026-05-19 10:04:25.478,32.5,11.84,3.141,41978,120.95,82.19,1843,2340,2252,6947,ON
801,2026-05-19 10:04:25.978,32.5,11.84,3.146,41997,120.85,82.30,1842,2341,2251,6975,ON
802,2026-05-19 10:04:26.478,32.5,11.81,3.153,42040,120.73,82.41,1846,2349,2254,6870,ON
803,2026-05-19 10:04:26.978,32.5,11.80,3.145,42094,120.63,82.51,1850,2359,2260,7015,ON
804,2026-05-19 10:04:27.478,32.5,11.82,3.141,42138,120.53,82.62,1857,2370,2267,7030,ON
805,2026-05-19 10:04:27.978,32.5,11.84,3.150,42173,120.43,82.71,1864,2381,2276,7073,ON
806,2026-05-19 10:04:28.478,32.5,11.83,3.135,42201,120.32,82.82,1863,2383,2275,7028,ON
807,2026-05-19 10:04:28.978,32.5,11.85,3.115,42218,120.23,82.92,1864,2386,2276,7058,ON
808,2026-05-19 10:04:29.478,32.5,11.90,3.124,42229,120.13,83.01,1864,2388,2275,7043,ON
809,2026-05-19 10:04:29.978,32.5,11.89,3.147,42248,120.02,83.13,1861,2388,2274,7094,ON
810,2026-05-19 10:04:30.478,32.5,11.86,3.125,42299,119.92,83.22,1855,2383,2269,6956,ON
811,2026-05-19 10:04:30.978,32.4,11.87,3.139,42350,119.82,83.33,1849,2377,2261,7051,ON
812,2026-05-19 10:04:31.478,32.4,11.89,3.151,42392,119.72,83.42,1850,2381,2262,7047,ON
813,2026-05-19 10:04:31.978,32.5,11.89,3.130,42437,119.62,83.53,1856,2389,2268,6960,ON
814,2026-05-19 10:04:32.478,32.5,11.87,3.135,42473,119.51,83.63,1859,2396,2271,7068,ON
815,2026-05-19 10:04:32.978,32.5,11.86,3.122,42495,119.40,83.75,1867,2402,2274,7114,ON
816,2026-05-19 10:04:33.478,32.5,11.89,3.125,42519,119.30,83.84,1867,2412,2282,7102,ON
817,2026-05-19 10:04:33.978,32.5,11.89,3.141,42554,119.20,83.94,1872,2421,2284,6998,ON
818,2026-05-19 10:04:34.478,32.5,11.90,3.136,42604,119.09,84.05,1871,2424,2285,7137,ON
819,2026-05-19 10:04:34.978,32.5,11.90,3.136,42634,119.00,84.15,1874,2430,2288,7146,ON
820,2026-05-19 10:04:35.478,32.5,11.90,3.155,42673,118.90,84.25,1874,2429,2287,7062,ON
821,2026-05-19 10:04:35.978,32.5,11.85,3.147,42716,118.79,84.35,1870,2429,2284,7140,ON
822,2026-05-19 10:04:36.478,32.5,11.84,3.136,42731,118.69,84.45,1859,2418,2272,7096,ON
823,2026-05-19 10:04:36.978,32.5,11.87,3.119,42731,118.59,84.55,1859,2419,2272,7043,ON
824,2026-05-19 10:04:37.478,32.5,11.92,3.123,42763,118.49,84.66,1858,2421,2272,7100,ON
825,2026-05-19 10:04:37.978,32.5,11.93,3.117,42802,118.38,84.76,1856,2421,2269,7031,ON
826,2026-05-19 10:04:38.478,32.5,11.94,3.135,42835,118.29,84.86,1860,2429,2275,7102,ON
827,2026-05-19 10:04:38.978,32.5,11.93,3.135,42869,118.17,84.97,1865,2438,2281,7120,ON
828,2026-05-19 10:04:39.478,32.5,11.88,3.143,42910,118.07,85.08,1874,2451,2288,7173,ON
829,2026-05-19 10:04:39.978,32.5,11.86,3.148,42941,117.97,85.17,1878,2457,2292,7115,ON
830,2026-05-19 10:04:40.478,32.4,11.83,3.155,42960,117.87,85.27,1876,2460,2292,7200,ON
831,2026-05-19 10:04:40.978,32.4,11.86,3.133,42982,117.76,85.38,1879,2465,2296,7203,ON
832,2026-05-19 10:04:41.478,32.5,11.88,3.134,43005,117.66,85.49,1885,2475,2302,7091,ON
833,2026-05-19 10:04:41.978,32.5,11.90,3.130,43026,117.56,85.59,1882,2474,2299,7212,ON
