Timestamp,Temp,pH,Volt,EC,Weight,Weightloss,R,G,B,C,RelayStatus
2026-01-22 16:56:20.642,27.6,1.82,4.575,11676,154.53,0.03,1075,1718,1126,0,ON
2026-01-22 16:56:21.371,27.6,1.84,4.573,11676,154.42,0.15,1081,1729,1135,0,ON
2026-01-22 16:56:22.119,27.6,1.86,4.570,11499,154.30,0.26,1083,1732,1135,0,ON
2026-01-22 16:56:22.847,27.6,2.56,4.479,11499,154.18,0.39,1053,1688,1108,0,ON
2026-01-22 16:56:23.598,27.6,2.10,4.539,11273,154.06,0.50,1088,1735,1140,0,ON
2026-01-22 16:56:24.354,27.6,2.07,4.542,11273,153.93,0.63,1101,1764,1156,0,ON
2026-01-22 16:56:25.131,27.6,2.11,4.537,11102,153.82,0.75,1119,1783,1168,0,ON
2026-01-22 16:56:25.911,27.6,2.08,4.541,11102,153.70,0.87,1057,1694,1111,0,ON
2026-01-22 16:56:26.721,27.6,2.12,4.536,10891,153.57,1.00,1082,1731,1135,0,ON
2026-01-22 16:56:27.515,27.6,2.10,4.538,10891,153.44,1.13,1071,1705,1119,0,ON
2026-01-22 16:56:28.324,27.6,2.10,4.539,10649,153.32,1.25,1093,1737,1150,0,ON
2026-01-22 16:56:29.142,27.6,2.12,4.536,10649,153.19,1.38,1100,1753,1148,0,ON
2026-01-22 16:56:30.036,27.6,2.08,4.541,10488,153.07,1.50,1121,1785,1172,0,ON
2026-01-22 16:56:30.815,27.7,2.04,4.547,10488,152.90,1.66,1086,1733,1137,0,ON
2026-01-22 16:56:31.559,27.6,1.89,4.566,10256,152.78,1.79,1101,1761,1156,0,ON
2026-01-22 16:56:32.283,27.7,1.87,4.569,10256,152.68,1.88,1096,1749,1146,0,ON
2026-01-22 16:56:33.032,27.7,1.87,4.569,10109,152.56,2.00,1095,1749,1147,0,ON
2026-01-22 16:56:33.753,27.7,1.81,4.577,10109,152.44,2.13,1105,1759,1154,0,ON
2026-01-22 16:56:34.497,27.7,1.79,4.579,9939,152.32,2.25,1098,1747,1145,0,ON
2026-01-22 16:56:35.230,27.7,1.82,4.575,9939,152.20,2.36,1099,1752,1151,0,ON
2026-01-22 16:56:35.979,27.8,1.79,4.579,9792,152.09,2.47,1082,1722,1127,0,ON
2026-01-22 16:56:36.702,27.8,1.82,4.575,9792,151.97,2.60,1108,1758,1155,0,ON
2026-01-22 16:56:37.445,27.8,1.87,4.568,9659,151.85,2.71,1132,1796,1178,0,ON
2026-01-22 16:56:38.191,27.8,2.11,4.537,9659,151.74,2.83,1098,1753,1152,0,ON
2026-01-22 16:56:38.934,27.8,1.94,4.560,9504,151.62,2.95,1091,1737,1141,0,ON
2026-01-22 16:56:39.659,27.8,1.85,4.571,9504,151.49,3.07,1103,1761,1154,0,ON
2026-01-22 16:56:40.404,27.8,1.92,4.562,9284,151.38,3.18,1099,1748,1148,0,ON
2026-01-22 16:56:41.130,27.8,1.81,4.576,9284,151.26,3.31,1098,1753,1149,0,ON
2026-01-22 16:56:41.880,27.8,1.83,4.574,9201,151.15,3.42,1129,1792,1178,0,ON
2026-01-22 16:56:42.665,27.8,1.90,4.565,9201,151.03,3.54,1100,1748,1148,0,ON
2026-01-22 16:56:43.466,27.8,1.96,4.557,9072,150.89,3.68,1126,1794,1152,0,ON
2026-01-22 16:56:44.191,27.8,1.83,4.574,9072,150.77,3.79,1125,1786,1171,0,ON
2026-01-22 16:56:45.029,27.9,1.81,4.576,8912,150.66,3.91,1110,1762,1155,0,ON
2026-01-22 16:56:45.762,27.9,1.88,4.567,8912,150.51,4.05,1103,1747,1149,0,ON
2026-01-22 16:56:46.506,27.9,1.91,4.564,8819,150.40,4.16,1135,1795,1176,0,ON
2026-01-22 16:56:47.233,27.9,1.83,4.574,8819,150.29,4.28,1117,1776,1167,0,ON
2026-01-22 16:56:47.981,27.9,1.84,4.573,8725,150.16,4.40,1138,1800,1183,0,ON
2026-01-22 16:56:48.703,27.9,1.84,4.572,8725,150.04,4.52,1127,1791,1174,0,ON
2026-01-22 16:56:49.447,27.9,1.86,4.569,8626,149.93,4.63,1120,1773,1166,0,ON
2026-01-22 16:56:50.177,27.9,1.86,4.570,8626,149.80,4.76,1132,1800,1181,0,ON
2026-01-22 16:56:50.920,27.9,1.85,4.571,8501,149.69,4.88,1134,1794,1177,0,ON
2026-01-22 16:56:51.644,27.9,1.87,4.569,8501,149.58,4.99,1127,1780,1171,0,ON
2026-01-22 16:56:52.387,27.9,1.89,4.566,8376,149.47,5.10,1139,1810,1189,0,ON
2026-01-22 16:56:53.225,28.0,1.87,4.568,8376,149.32,5.24,1113,1767,1159,0,ON
2026-01-22 16:56:54.084,27.9,1.94,4.559,8273,149.19,5.38,1132,1787,1173,0,ON
2026-01-22 16:56:54.808,28.0,1.84,4.572,8273,149.07,5.50,1139,1802,1184,0,ON
2026-01-22 16:56:55.548,28.0,1.85,4.572,8185,148.95,5.62,1114,1756,1156,0,ON
2026-01-22 16:56:56.270,28.0,1.94,4.559,8185,148.83,5.74,1132,1790,1175,0,ON
2026-01-22 16:56:57.019,28.0,1.84,4.572,8098,148.72,5.85,1147,1815,1193,0,ON
2026-01-22 16:56:57.743,28.0,1.86,4.570,8098,148.59,5.98,1124,1782,1169,0,ON
2026-01-22 16:56:58.490,28.0,2.13,4.534,8018,148.48,6.09,1154,1824,1196,0,ON
2026-01-22 16:56:59.216,28.0,1.88,4.567,8018,148.36,6.20,1142,1806,1186,0,ON
2026-01-22 16:56:59.969,28.0,1.90,4.565,7926,148.23,6.33,1128,1780,1167,0,ON
2026-01-22 16:57:00.692,28.1,2.24,4.520,7926,148.12,6.45,1138,1795,1181,0,ON
2026-01-22 16:57:01.436,28.1,1.96,4.557,7841,148.00,6.56,1137,1794,1179,0,ON
2026-01-22 16:57:02.166,28.1,1.84,4.572,7841,147.88,6.69,1121,1771,1163,0,ON
2026-01-22 16:57:02.909,28.1,1.87,4.569,7775,147.76,6.80,1160,1831,1203,0,ON
2026-01-22 16:57:03.641,28.1,1.92,4.561,7775,147.66,6.91,1167,1841,1209,0,ON
2026-01-22 16:57:04.382,28.1,1.90,4.565,7724,147.53,7.04,1124,1776,1166,0,ON
2026-01-22 16:57:05.115,28.1,1.88,4.567,7724,147.41,7.16,1169,1847,1214,0,ON
2026-01-22 16:57:05.858,28.1,1.91,4.563,7648,147.29,7.28,1128,1783,1171,0,ON
2026-01-22 16:57:06.580,28.1,1.93,4.560,7648,147.18,7.39,1161,1829,1203,0,ON
2026-01-22 16:57:07.325,28.1,1.97,4.556,7583,147.06,7.50,1152,1814,1194,0,ON
2026-01-22 16:57:08.054,28.1,1.88,4.567,7583,146.94,7.63,1125,1776,1168,0,ON
2026-01-22 16:57:08.804,28.2,2.03,4.548,7521,146.82,7.75,1150,1811,1191,0,ON
2026-01-22 16:57:09.529,28.2,1.99,4.552,7521,146.69,7.88,1142,1797,1183,0,ON
2026-01-22 16:57:10.274,28.2,1.95,4.558,7477,146.58,7.99,1140,1807,1190,0,ON
2026-01-22 16:57:11.004,28.2,1.93,4.561,7477,146.46,8.11,1151,1812,1194,0,ON
2026-01-22 16:57:11.745,28.2,1.98,4.554,7433,146.35,8.22,1131,1786,1174,0,ON
2026-01-22 16:57:12.470,28.2,2.01,4.550,7433,146.21,8.36,1141,1797,1184,0,ON
2026-01-22 16:57:13.282,28.3,1.93,4.561,7370,146.10,8.46,1151,1814,1193,0,ON
2026-01-22 16:57:14.122,28.3,1.98,4.555,7370,145.96,8.61,1138,1801,1186,0,ON
2026-01-22 16:57:14.868,28.3,1.97,4.555,7327,145.84,8.73,1174,1851,1217,0,ON
2026-01-22 16:57:15.697,28.2,2.08,4.542,7327,145.71,8.85,1164,1833,1208,0,ON
2026-01-22 16:57:16.462,28.3,2.13,4.534,7296,145.58,8.98,1178,1853,1220,0,ON
2026-01-22 16:57:17.190,28.3,2.02,4.549,7296,145.45,9.11,1136,1792,1180,0,ON
2026-01-22 16:57:17.933,28.3,2.01,4.550,7241,145.34,9.22,1166,1832,1207,0,ON
2026-01-22 16:57:18.658,28.3,2.00,4.551,7241,145.23,9.34,1170,1840,1211,0,ON
2026-01-22 16:57:19.402,28.3,2.05,4.545,7223,145.11,9.45,1160,1823,1201,0,ON
2026-01-22 16:57:20.130,28.3,2.06,4.543,7223,144.99,9.58,1134,1788,1179,0,ON
2026-01-22 16:57:20.871,28.3,2.11,4.537,7174,144.87,9.70,1196,1880,1238,0,ON
2026-01-22 16:57:21.595,28.3,2.09,4.540,7174,144.76,9.81,1170,1835,1211,0,ON
2026-01-22 16:57:22.339,28.3,2.11,4.538,7150,144.63,9.94,1167,1829,1207,0,ON
2026-01-22 16:57:23.069,28.4,1.99,4.553,7150,144.51,10.05,1157,1820,1199,0,ON
2026-01-22 16:57:23.920,28.3,1.98,4.554,7125,144.39,10.17,1165,1829,1204,0,ON
2026-01-22 16:57:24.750,28.4,2.16,4.531,7125,144.24,10.33,1171,1838,1214,0,ON
2026-01-22 16:57:25.497,28.4,2.12,4.537,7090,144.13,10.44,1178,1850,1221,0,ON
2026-01-22 16:57:26.223,28.4,2.01,4.551,7090,144.00,10.57,1165,1834,1208,0,ON
2026-01-22 16:57:26.969,28.4,2.06,4.544,7065,143.88,10.68,1176,1848,1217,0,ON
2026-01-22 16:57:27.693,28.4,2.06,4.544,7065,143.78,10.79,1173,1845,1216,0,ON
2026-01-22 16:57:28.435,28.4,2.09,4.540,7049,143.65,10.91,1169,1838,1210,0,ON
2026-01-22 16:57:29.173,28.4,2.34,4.508,7049,143.53,11.04,1186,1860,1227,0,ON
2026-01-22 16:57:29.918,28.4,2.03,4.548,7023,143.41,11.16,1189,1866,1231,0,ON
2026-01-22 16:57:30.641,28.4,2.16,4.531,7023,143.29,11.27,1184,1856,1223,0,ON
2026-01-22 16:57:31.389,28.4,2.35,4.506,6994,143.18,11.39,1182,1853,1223,0,ON
2026-01-22 16:57:32.119,28.4,2.19,4.527,6994,143.05,11.51,1172,1843,1214,0,ON
2026-01-22 16:57:32.860,28.4,2.17,4.529,6990,142.94,11.63,1182,1852,1222,0,ON
2026-01-22 16:57:33.587,28.4,2.25,4.519,6990,142.82,11.75,1174,1844,1216,0,ON
2026-01-22 16:57:34.333,28.6,2.18,4.528,6976,142.69,11.87,1191,1866,1233,0,ON
2026-01-22 16:57:35.061,28.5,2.07,4.543,6976,142.58,11.99,1173,1839,1215,0,ON
2026-01-22 16:57:35.802,28.6,2.14,4.534,6964,142.47,12.10,1156,1815,1199,0,ON
2026-01-22 16:57:36.527,28.5,2.36,4.505,6964,142.34,12.23,1196,1877,1242,0,ON
2026-01-22 16:57:37.270,28.5,2.21,4.524,6946,142.23,12.34,1188,1862,1230,0,ON
2026-01-22 16:57:37.999,28.6,2.19,4.527,6946,142.11,12.46,1167,1830,1208,0,ON
2026-01-22 16:57:38.744,28.5,2.25,4.519,6941,141.99,12.57,1179,1842,1217,0,ON
2026-01-22 16:57:39.479,28.6,2.26,4.518,6941,141.86,12.70,1190,1866,1232,0,ON
2026-01-22 16:57:40.220,28.6,2.31,4.511,6929,141.75,12.82,1183,1857,1229,0,ON
2026-01-22 16:57:40.946,28.6,2.21,4.524,6929,141.64,12.93,1162,1841,1215,0,ON
2026-01-22 16:57:41.693,28.6,2.32,4.510,6922,141.52,13.05,1183,1854,1226,0,ON
2026-01-22 16:57:42.417,28.6,2.41,4.498,6922,141.39,13.17,1183,1853,1224,0,ON
2026-01-22 16:57:43.163,28.6,2.40,4.500,6917,141.28,13.29,1183,1851,1225,0,ON
2026-01-22 16:57:44.035,28.6,2.31,4.512,6917,141.17,13.40,1199,1874,1239,0,ON
2026-01-22 16:57:44.831,28.6,2.52,4.484,6910,141.01,13.56,1206,1887,1248,0,ON
2026-01-22 16:57:45.556,28.6,2.41,4.498,6910,140.89,13.68,1186,1858,1229,0,ON
2026-01-22 16:57:46.380,28.6,2.35,4.506,6910,140.78,13.79,1190,1862,1233,0,ON
2026-01-22 16:57:47.124,28.6,2.50,4.486,6910,140.64,13.93,1196,1879,1243,0,ON
2026-01-22 16:57:47.866,28.6,2.48,4.489,6910,140.52,14.05,1193,1863,1233,0,ON
2026-01-22 16:57:48.591,28.7,2.52,4.484,6910,140.41,14.16,1202,1879,1245,0,ON
2026-01-22 16:57:49.332,28.6,2.54,4.481,6910,140.28,14.29,1181,1847,1224,0,ON
2026-01-22 16:57:50.062,28.7,2.44,4.494,6910,140.16,14.40,1204,1884,1250,0,ON
2026-01-22 16:57:50.807,28.7,2.40,4.500,6910,140.05,14.52,1198,1874,1241,0,ON
2026-01-22 16:57:51.531,28.7,2.42,4.497,6910,139.92,14.64,1187,1853,1228,0,ON
2026-01-22 16:57:52.276,28.7,2.47,4.490,6910,139.81,14.76,1211,1895,1257,0,ON
2026-01-22 16:57:53.007,28.7,2.51,4.485,6910,139.69,14.88,1176,1896,1259,0,ON
2026-01-22 16:57:53.752,28.7,2.50,4.486,6919,139.58,14.99,1196,1867,1241,0,ON
2026-01-22 16:57:54.586,28.7,2.53,4.483,6919,139.45,15.12,1201,1885,1250,0,ON
2026-01-22 16:57:55.437,28.7,2.70,4.460,6917,139.30,15.26,1195,1867,1237,0,ON
2026-01-22 16:57:56.167,28.7,2.67,4.465,6917,139.18,15.39,1216,1903,1261,0,ON
2026-01-22 16:57:56.908,28.7,2.65,4.468,6931,139.06,15.51,1181,1848,1227,0,ON
2026-01-22 16:57:57.632,28.7,2.59,4.475,6931,138.95,15.62,1213,1900,1262,0,ON
2026-01-22 16:57:58.379,28.8,2.59,4.474,6936,138.83,15.74,1196,1867,1239,0,ON
2026-01-22 16:57:59.109,28.7,2.56,4.478,6936,138.70,15.86,1196,1868,1240,0,ON
2026-01-22 16:57:59.850,28.7,2.68,4.463,6943,138.59,15.98,1208,1896,1260,0,ON
2026-01-22 16:58:00.576,28.8,2.69,4.461,6943,138.47,16.09,1191,1866,1241,0,ON
2026-01-22 16:58:01.318,28.8,2.73,4.457,6943,138.34,16.22,1196,1875,1244,0,ON
2026-01-22 16:58:02.057,28.8,2.89,4.436,6943,138.23,16.34,1221,1909,1269,0,ON
2026-01-22 16:58:02.799,28.8,2.63,4.470,6960,138.12,16.44,1190,1867,1243,0,ON
2026-01-22 16:58:03.524,28.8,2.74,4.455,6960,137.99,16.58,1194,1873,1245,0,ON
2026-01-22 16:58:04.268,28.8,2.78,4.451,6966,137.87,16.69,1201,1885,1256,0,ON
2026-01-22 16:58:04.997,28.8,2.86,4.440,6966,137.75,16.81,1193,1868,1244,0,ON
2026-01-22 16:58:05.740,28.9,2.87,4.439,6984,137.65,16.92,1186,1862,1258,0,ON
2026-01-22 16:58:06.465,28.9,2.82,4.445,6984,137.51,17.05,1193,1866,1232,0,ON
2026-01-22 16:58:07.208,28.9,2.86,4.439,7000,137.41,17.16,1191,1860,1240,0,ON
2026-01-22 16:58:07.937,28.9,2.96,4.427,7000,137.28,17.28,1202,1890,1262,0,ON
2026-01-22 16:58:08.683,28.9,3.03,4.418,7007,137.16,17.40,1199,1880,1257,0,ON
2026-01-22 16:58:09.408,28.9,3.15,4.403,7007,137.05,17.52,1183,1852,1237,0,ON
2026-01-22 16:58:10.169,28.9,3.10,4.409,7011,136.93,17.64,1201,1889,1266,0,ON
2026-01-22 16:58:10.892,28.9,3.17,4.399,7011,136.80,17.76,1171,1846,1242,0,ON
2026-01-22 16:58:11.634,28.9,3.27,4.387,7030,136.68,17.88,1204,1895,1272,0,ON
2026-01-22 16:58:12.356,28.9,3.25,4.390,7030,136.57,18.00,1211,1912,1282,0,ON
2026-01-22 16:58:13.108,28.9,3.31,4.381,7053,136.46,18.11,1166,1843,1241,0,ON
2026-01-22 16:58:13.831,28.9,3.41,4.368,7053,136.33,18.24,1186,1880,1270,0,ON
2026-01-22 16:58:14.582,29.0,3.62,4.341,7053,136.22,18.35,1167,1852,1256,0,ON
2026-01-22 16:58:15.323,29.0,3.51,4.355,7053,136.10,18.46,1165,1848,1261,0,ON
2026-01-22 16:58:16.075,29.0,3.71,4.329,7067,135.97,18.59,1175,1882,1289,0,ON
2026-01-22 16:58:16.907,29.0,3.76,4.322,7067,135.85,18.71,1158,1879,1306,0,ON
2026-01-22 16:58:17.761,29.0,4.08,4.281,7097,135.70,18.87,1120,1840,1292,0,ON
2026-01-22 16:58:18.485,29.0,4.30,4.253,7097,135.59,18.98,1062,1789,1288,0,ON
2026-01-22 16:58:19.226,29.0,4.71,4.199,7125,135.48,19.09,1031,1779,1320,0,ON
2026-01-22 16:58:19.950,29.0,4.86,4.179,7125,135.34,19.23,971,1737,1337,0,ON
2026-01-22 16:58:20.692,29.1,5.08,4.151,7146,135.23,19.33,932,1726,1366,0,ON
2026-01-22 16:58:21.417,29.0,5.40,4.110,7146,135.12,19.45,911,1720,1400,0,ON
2026-01-22 16:58:22.162,29.1,5.54,4.091,7271,135.00,19.57,879,1685,1395,0,ON
2026-01-22 16:58:22.886,29.1,5.64,4.078,7271,134.87,19.69,887,1720,1441,0,ON
2026-01-22 16:58:23.629,29.1,5.84,4.053,7408,134.76,19.80,867,1689,1432,0,ON
2026-01-22 16:58:24.353,29.1,5.91,4.043,7408,134.64,19.92,852,1666,1428,0,ON
2026-01-22 16:58:25.108,29.1,5.99,4.032,7420,134.53,20.03,859,1683,1443,0,ON
2026-01-22 16:58:25.942,29.1,6.16,4.011,7420,134.38,20.18,830,1633,1400,0,ON
2026-01-22 16:58:26.686,29.1,6.14,4.013,7495,134.28,20.29,834,1652,1420,0,ON
2026-01-22 16:58:27.412,29.1,6.22,4.003,7495,134.14,20.42,839,1669,1437,0,ON
2026-01-22 16:58:28.156,29.1,6.19,4.007,7622,134.03,20.54,832,1651,1425,0,ON
2026-01-22 16:58:28.880,29.1,6.27,3.997,7622,133.92,20.65,825,1647,1427,0,ON
2026-01-22 16:58:29.626,29.1,6.31,3.991,7717,133.81,20.76,829,1654,1433,0,ON
2026-01-22 16:58:30.357,29.1,6.36,3.984,7717,133.67,20.89,815,1628,1415,0,ON
2026-01-22 16:58:31.209,29.1,6.39,3.981,7769,133.55,21.01,835,1668,1449,0,ON
2026-01-22 16:58:31.932,29.1,6.48,3.969,7769,133.42,21.15,822,1644,1435,0,ON
2026-01-22 16:58:32.681,29.1,6.46,3.972,7899,133.30,21.27,826,1649,1434,0,ON
2026-01-22 16:58:33.406,29.1,6.56,3.959,7899,133.18,21.38,816,1632,1421,0,ON
2026-01-22 16:58:34.148,29.1,6.54,3.961,7978,133.08,21.49,825,1647,1436,0,ON
2026-01-22 16:58:34.871,29.2,6.52,3.964,7978,132.95,21.61,847,1691,1467,0,ON
2026-01-22 16:58:35.615,29.3,6.62,3.951,7998,132.83,21.73,819,1638,1423,0,ON
2026-01-22 16:58:36.338,29.2,6.63,3.949,7998,132.72,21.84,818,1631,1423,0,ON
2026-01-22 16:58:37.091,29.2,6.63,3.950,8087,132.60,21.96,836,1673,1458,0,ON
2026-01-22 16:58:37.814,29.2,6.67,3.944,8087,132.48,22.09,834,1665,1454,0,ON
2026-01-22 16:58:38.555,29.2,6.76,3.933,8158,132.36,22.21,833,1665,1455,0,ON
2026-01-22 16:58:39.279,29.2,6.70,3.941,8158,132.25,22.32,822,1643,1437,0,ON
2026-01-22 16:58:40.025,29.2,6.75,3.934,8242,132.13,22.44,841,1681,1468,0,ON
2026-01-22 16:58:40.767,29.2,6.81,3.927,8242,132.00,22.57,839,1680,1464,0,ON
2026-01-22 16:58:41.518,29.2,6.77,3.931,8321,131.89,22.68,821,1643,1438,0,ON
2026-01-22 16:58:42.244,29.2,6.83,3.923,8321,131.76,22.81,846,1692,1478,0,ON
2026-01-22 16:58:42.986,29.3,6.82,3.925,8431,131.65,22.92,826,1651,1445,0,ON
2026-01-22 16:58:43.710,29.2,7.00,3.905,8431,131.53,23.03,829,1659,1451,0,ON
2026-01-22 16:58:44.457,29.3,6.78,3.930,8481,131.42,23.14,844,1690,1477,0,ON
2026-01-22 16:58:45.180,29.3,7.01,3.904,8481,131.30,23.27,831,1659,1456,0,ON
2026-01-22 16:58:45.994,29.3,6.98,3.908,8559,131.17,23.39,839,1678,1470,0,ON
2026-01-22 16:58:46.740,29.3,7.08,3.897,8559,131.05,23.52,842,1684,1474,0,ON
2026-01-22 16:58:47.646,29.3,7.00,3.905,8640,130.93,23.63,847,1695,1484,0,ON
2026-01-22 16:58:48.428,29.3,6.98,3.907,8640,130.78,23.79,834,1669,1462,0,ON
2026-01-22 16:58:49.171,29.3,7.05,3.900,8756,130.66,23.90,835,1669,1461,0,ON
2026-01-22 16:58:49.894,29.3,7.06,3.899,8756,130.53,24.04,851,1699,1487,0,ON
2026-01-22 16:58:50.639,29.3,7.03,3.902,8869,130.42,24.15,827,1653,1450,0,ON
2026-01-22 16:58:51.363,29.3,7.13,3.892,8869,130.30,24.27,838,1673,1465,0,ON
2026-01-22 16:58:52.122,29.3,7.13,3.892,8914,130.18,24.39,839,1676,1470,0,ON
2026-01-22 16:58:52.847,29.3,7.22,3.883,8914,130.06,24.51,842,1685,1476,0,ON
2026-01-22 16:58:53.589,29.3,7.32,3.872,8966,129.94,24.62,832,1661,1457,0,ON
2026-01-22 16:58:54.315,29.3,7.22,3.883,8966,129.81,24.76,844,1681,1473,0,ON
2026-01-22 16:58:55.055,29.3,7.23,3.882,9080,129.70,24.87,845,1687,1478,0,ON
2026-01-22 16:58:55.777,29.3,7.21,3.884,9080,129.58,24.99,840,1674,1468,0,ON
2026-01-22 16:58:56.520,29.3,7.27,3.878,9139,129.47,25.10,842,1675,1465,0,ON
2026-01-22 16:58:57.245,29.3,7.20,3.885,9139,129.34,25.23,855,1708,1495,0,ON
2026-01-22 16:58:58.023,29.3,7.26,3.879,9199,129.23,25.34,859,1715,1490,0,ON
2026-01-22 16:58:58.746,29.3,7.29,3.876,9199,129.09,25.48,840,1672,1460,0,ON
2026-01-22 16:58:59.487,29.4,7.34,3.871,9288,128.98,25.59,854,1702,1488,0,ON
2026-01-22 16:59:00.220,29.3,7.33,3.872,9288,128.87,25.70,868,1732,1514,0,ON
2026-01-22 16:59:00.962,29.4,7.32,3.873,9387,128.75,25.81,856,1703,1491,0,ON
2026-01-22 16:59:01.690,29.4,7.29,3.876,9387,128.62,25.94,843,1680,1471,0,ON
2026-01-22 16:59:02.436,29.4,7.31,3.874,9458,128.51,26.05,844,1676,1464,0,ON
2026-01-22 16:59:03.181,29.4,7.39,3.866,9458,128.39,26.18,854,1705,1492,0,ON
2026-01-22 16:59:03.934,29.4,7.50,3.854,9558,128.26,26.30,853,1699,1489,0,ON
2026-01-22 16:59:04.658,29.4,7.44,3.861,9558,128.15,26.41,853,1698,1486,0,ON
2026-01-22 16:59:05.400,29.4,7.56,3.848,9578,128.04,26.52,835,1662,1458,0,ON
2026-01-22 16:59:06.133,29.4,7.49,3.856,9578,127.91,26.66,858,1702,1488,0,ON
2026-01-22 16:59:06.878,29.4,7.49,3.856,9641,127.79,26.77,860,1709,1491,0,ON
2026-01-22 16:59:07.601,29.4,7.50,3.854,9641,127.68,26.89,858,1703,1488,0,ON
2026-01-22 16:59:08.350,29.4,7.52,3.852,9710,127.56,27.01,857,1708,1487,0,ON
2026-01-22 16:59:09.072,29.4,7.50,3.855,9710,127.43,27.13,848,1682,1470,0,ON
2026-01-22 16:59:09.813,29.4,7.51,3.854,9792,127.32,27.25,856,1706,1492,0,ON
2026-01-22 16:59:10.537,29.4,7.56,3.848,9792,127.21,27.36,855,1698,1487,0,ON
2026-01-22 16:59:11.282,29.4,7.67,3.837,9900,127.09,27.48,853,1697,1484,0,ON
2026-01-22 16:59:12.019,29.4,7.61,3.843,9900,126.96,27.60,841,1676,1467,0,ON
2026-01-22 16:59:12.760,29.4,7.56,3.848,9955,126.84,27.72,853,1692,1480,0,ON
2026-01-22 16:59:13.496,29.5,7.75,3.829,9955,126.72,27.85,857,1703,1489,0,ON
2026-01-22 16:59:14.246,29.4,7.74,3.830,9995,126.61,27.96,834,1655,1449,0,ON
2026-01-22 16:59:14.969,29.5,7.65,3.840,9995,126.48,28.08,855,1699,1486,0,ON
2026-01-22 16:59:15.712,29.6,7.64,3.840,10112,126.37,28.20,869,1725,1509,0,ON
2026-01-22 16:59:16.551,29.5,7.67,3.837,10112,126.24,28.33,849,1685,1474,0,ON
2026-01-22 16:59:17.401,29.5,7.72,3.832,10150,126.10,28.47,876,1731,1504,0,ON
2026-01-22 16:59:18.134,29.5,7.73,3.831,10150,125.97,28.60,882,1742,1518,0,ON
2026-01-22 16:59:18.880,29.6,7.86,3.818,10207,125.86,28.71,859,1707,1492,0,ON
2026-01-22 16:59:19.603,29.6,7.82,3.821,10207,125.74,28.83,858,1701,1481,0,ON
2026-01-22 16:59:20.349,29.5,7.77,3.827,10306,125.61,28.96,874,1724,1500,0,ON
2026-01-22 16:59:21.072,29.5,7.74,3.830,10306,125.49,29.07,859,1698,1479,0,ON
2026-01-22 16:59:21.814,29.5,7.92,3.811,10392,125.38,29.19,860,1707,1492,0,ON
2026-01-22 16:59:22.543,29.6,7.78,3.826,10392,125.27,29.30,866,1716,1498,0,ON
2026-01-22 16:59:23.286,29.5,7.90,3.814,10451,125.13,29.43,866,1711,1493,0,ON
2026-01-22 16:59:24.024,29.5,7.89,3.815,10451,125.02,29.55,871,1722,1504,0,ON
2026-01-22 16:59:24.766,29.5,7.89,3.815,10500,124.91,29.66,872,1726,1505,0,ON
2026-01-22 16:59:25.488,29.6,7.81,3.823,10500,124.77,29.79,867,1715,1497,0,ON
2026-01-22 16:59:26.241,29.6,7.97,3.807,10582,124.66,29.90,868,1711,1490,0,ON
2026-01-22 16:59:26.963,29.6,7.98,3.805,10582,124.55,30.02,876,1736,1515,0,ON
2026-01-22 16:59:27.704,29.6,7.99,3.804,10641,124.44,30.13,858,1696,1483,0,ON
2026-01-22 16:59:28.536,29.6,7.90,3.814,10641,124.30,30.27,859,1693,1475,0,ON
2026-01-22 16:59:29.385,29.6,8.09,3.794,10753,124.16,30.40,878,1730,1510,0,ON
2026-01-22 16:59:30.125,29.6,8.02,3.802,10753,124.03,30.53,871,1718,1499,0,ON
2026-01-22 16:59:30.870,29.6,8.08,3.795,10796,123.92,30.64,879,1734,1511,0,ON
2026-01-22 16:59:31.593,29.6,8.13,3.791,10796,123.80,30.77,855,1683,1469,0,ON
2026-01-22 16:59:32.342,29.6,8.01,3.802,10860,123.67,30.89,869,1715,1493,0,ON
2026-01-22 16:59:33.064,29.7,7.98,3.805,10860,123.56,31.00,898,1765,1535,0,ON
2026-01-22 16:59:33.878,29.6,8.08,3.796,10908,123.44,31.12,871,1719,1501,0,ON
2026-01-22 16:59:34.658,29.6,8.05,3.798,10908,123.30,31.27,890,1746,1519,0,ON
2026-01-22 16:59:35.406,29.6,8.19,3.784,11017,123.19,31.37,878,1733,1511,0,ON
2026-01-22 16:59:36.141,29.6,8.26,3.777,11017,123.05,31.51,896,1766,1531,0,ON
2026-01-22 16:59:36.884,29.6,8.09,3.794,11133,122.94,31.62,899,1766,1528,0,ON
2026-01-22 16:59:37.607,29.6,8.13,3.790,11133,122.83,31.74,868,1706,1485,0,ON
2026-01-22 16:59:38.351,29.6,8.14,3.789,11204,122.71,31.85,882,1733,1509,0,ON
2026-01-22 16:59:39.074,29.6,8.34,3.769,11204,122.59,31.98,884,1745,1522,0,ON
2026-01-22 16:59:39.816,29.7,8.20,3.783,11222,122.47,32.10,876,1715,1492,0,ON
2026-01-22 16:59:40.544,29.7,8.26,3.777,11222,122.36,32.21,868,1703,1484,0,ON
2026-01-22 16:59:41.287,29.7,8.23,3.780,11267,122.24,32.33,883,1740,1515,0,ON
2026-01-22 16:59:42.024,29.7,8.33,3.770,11267,122.11,32.46,872,1713,1495,0,ON
2026-01-22 16:59:42.766,29.7,8.42,3.761,11339,121.99,32.57,895,1761,1528,0,ON
2026-01-22 16:59:43.489,29.7,8.32,3.771,11339,121.88,32.69,893,1753,1518,0,ON
2026-01-22 16:59:44.252,29.7,8.44,3.758,11418,121.75,32.82,888,1739,1509,0,ON
2026-01-22 16:59:44.976,29.7,8.41,3.762,11418,121.64,32.93,904,1772,1544,0,ON
2026-01-22 16:59:45.721,29.8,8.44,3.758,11454,121.52,33.05,915,1786,1546,0,ON
2026-01-22 16:59:46.444,29.7,8.43,3.760,11454,121.39,33.17,904,1771,1537,0,ON
2026-01-22 16:59:47.188,29.8,8.48,3.754,11494,121.28,33.29,899,1760,1528,0,ON
2026-01-22 16:59:48.034,29.7,8.43,3.760,11494,121.14,33.42,903,1771,1539,0,ON
2026-01-22 16:59:48.777,29.8,8.43,3.760,11583,121.02,33.54,885,1733,1502,0,ON
2026-01-22 16:59:49.521,29.8,8.49,3.753,11583,120.91,33.66,865,1695,1475,0,ON
2026-01-22 16:59:50.269,29.8,8.57,3.745,11662,120.77,33.79,896,1757,1528,0,ON
2026-01-22 16:59:50.992,29.8,8.62,3.740,11662,120.66,33.91,896,1748,1517,0,ON
2026-01-22 16:59:51.735,29.8,8.56,3.747,11773,120.54,34.02,892,1740,1509,0,ON
2026-01-22 16:59:52.465,29.9,8.70,3.732,11773,120.43,34.14,911,1781,1547,0,ON
2026-01-22 16:59:53.207,29.8,8.63,3.740,11802,120.30,34.27,896,1754,1527,0,ON
2026-01-22 16:59:53.928,29.8,8.59,3.743,11802,120.19,34.37,916,1786,1551,0,ON
2026-01-22 16:59:54.674,29.8,8.62,3.741,11836,120.07,34.50,919,1790,1555,0,ON
2026-01-22 16:59:55.399,29.8,8.63,3.739,11836,119.94,34.62,896,1750,1524,0,ON
2026-01-22 16:59:56.148,29.8,8.71,3.731,11893,119.83,34.74,923,1795,1555,0,ON
2026-01-22 16:59:56.875,29.8,8.70,3.733,11893,119.71,34.86,910,1775,1543,0,ON
2026-01-22 16:59:57.617,29.8,8.72,3.730,11979,119.60,34.96,890,1739,1512,0,ON
2026-01-22 16:59:58.345,29.8,8.82,3.720,11979,119.47,35.10,883,1716,1490,0,ON
2026-01-22 16:59:59.088,29.8,8.82,3.720,12037,119.36,35.21,895,1753,1547,0,ON
2026-01-22 16:59:59.819,29.8,8.77,3.725,12037,119.24,35.32,903,1758,1533,0,ON
2026-01-22 17:00:00.565,29.8,8.88,3.714,12084,119.13,35.43,897,1745,1520,0,ON
2026-01-22 17:00:01.287,29.8,8.79,3.723,12084,119.00,35.57,909,1761,1532,0,ON
2026-01-22 17:00:02.042,29.8,8.97,3.705,12153,118.88,35.69,896,1738,1516,0,ON
2026-01-22 17:00:02.829,29.8,8.93,3.708,12153,118.77,35.79,905,1759,1528,0,ON
2026-01-22 17:00:03.628,29.8,9.12,3.690,12220,118.62,35.94,909,1766,1536,0,ON
2026-01-22 17:00:04.351,29.8,8.89,3.712,12220,118.51,36.05,911,1760,1528,0,ON
2026-01-22 17:00:05.098,29.8,9.00,3.702,12270,118.38,36.18,919,1774,1542,0,ON
2026-01-22 17:00:05.820,29.9,9.01,3.701,12270,118.26,36.30,917,1775,1550,0,ON
2026-01-22 17:00:06.567,29.9,9.05,3.696,12319,118.15,36.42,928,1794,1553,0,ON
2026-01-22 17:00:07.289,29.9,9.28,3.673,12319,118.04,36.53,924,1781,1549,0,ON
2026-01-22 17:00:08.046,29.9,9.17,3.684,12369,117.91,36.66,888,1708,1496,0,ON
2026-01-22 17:00:08.768,29.9,9.26,3.675,12369,117.79,36.78,916,1768,1535,0,ON
2026-01-22 17:00:09.512,29.9,9.35,3.666,12422,117.68,36.89,919,1775,1546,0,ON
2026-01-22 17:00:10.237,29.9,9.45,3.656,12422,117.55,37.02,915,1761,1534,0,ON
2026-01-22 17:00:10.979,29.9,9.36,3.665,12472,117.43,37.13,925,1784,1551,0,ON
2026-01-22 17:00:11.701,29.9,9.49,3.652,12472,117.32,37.25,927,1782,1559,0,ON
2026-01-22 17:00:12.444,29.9,9.52,3.649,12562,117.20,37.37,903,1741,1520,0,ON
2026-01-22 17:00:13.167,29.9,9.54,3.647,12562,117.07,37.49,910,1752,1531,0,ON
2026-01-22 17:00:13.908,29.9,9.61,3.640,12643,116.96,37.61,904,1736,1521,0,ON
2026-01-22 17:00:14.735,29.9,9.64,3.637,12643,116.85,37.72,914,1755,1538,0,ON
2026-01-22 17:00:15.535,29.9,9.73,3.627,12724,116.70,37.86,922,1767,1553,0,ON
2026-01-22 17:00:16.259,29.9,9.76,3.624,12724,116.59,37.98,901,1711,1511,0,ON
2026-01-22 17:00:17.000,30.0,9.97,3.603,12765,116.46,38.11,899,1702,1516,0,ON
2026-01-22 17:00:17.723,29.9,10.19,3.581,12765,116.34,38.23,902,1699,1512,0,ON
2026-01-22 17:00:18.483,30.0,10.43,3.556,12826,116.23,38.34,896,1692,1515,0,ON
2026-01-22 17:00:19.216,29.9,10.53,3.546,12826,116.10,38.47,882,1624,1483,0,ON
2026-01-22 17:00:20.062,29.9,10.79,3.520,12898,115.98,38.58,883,1572,1493,0,ON
2026-01-22 17:00:20.899,29.9,11.05,3.493,12898,115.83,38.74,859,1458,1452,0,ON
2026-01-22 17:00:21.643,29.9,11.43,3.454,12925,115.71,38.85,825,1317,1393,0,ON
2026-01-22 17:00:22.367,29.9,11.88,3.408,12925,115.60,38.97,810,1220,1374,0,ON
2026-01-22 17:00:23.108,30.0,12.24,3.372,12992,115.48,39.09,791,1140,1343,0,ON
2026-01-22 17:00:23.833,30.0,12.29,3.367,12992,115.36,39.21,777,1083,1319,0,ON
2026-01-22 17:00:24.576,30.0,12.52,3.343,13055,115.24,39.33,781,1058,1325,0,ON
2026-01-22 17:00:25.300,30.0,12.53,3.342,13055,115.12,39.44,775,1027,1313,0,ON
2026-01-22 17:00:26.057,30.0,12.86,3.309,13128,115.01,39.56,764,1002,1292,0,ON
2026-01-22 17:00:26.780,30.0,12.94,3.300,13128,114.88,39.68,760,985,1284,0,ON
2026-01-22 17:00:27.522,30.0,13.09,3.285,13187,114.76,39.80,748,960,1265,0,ON
2026-01-22 17:00:28.249,30.0,13.10,3.284,13187,114.65,39.91,762,974,1284,0,ON
2026-01-22 17:00:28.995,30.0,13.08,3.287,13224,114.52,40.05,754,977,1294,0,ON
2026-01-22 17:00:29.719,30.0,13.33,3.261,13224,114.40,40.16,764,972,1279,0,ON
2026-01-22 17:00:30.477,30.0,13.42,3.252,13256,114.29,40.27,755,953,1278,0,ON
2026-01-22 17:00:31.199,30.1,13.45,3.249,13256,114.16,40.41,769,971,1295,0,ON
2026-01-22 17:00:31.941,30.0,13.51,3.243,13298,114.04,40.52,769,954,1274,0,ON
2026-01-22 17:00:32.666,30.0,13.48,3.245,13298,113.93,40.63,769,965,1285,0,ON
2026-01-22 17:00:33.415,30.0,13.64,3.230,13352,113.82,40.75,763,955,1280,0,ON
2026-01-22 17:00:34.252,30.1,13.66,3.227,13352,113.67,40.90,764,957,1276,0,ON
2026-01-22 17:00:34.993,30.0,13.68,3.225,13362,113.56,41.01,791,1001,1324,0,ON
2026-01-22 17:00:35.734,30.0,13.81,3.212,13362,113.43,41.14,794,1001,1324,0,ON
2026-01-22 17:00:36.479,30.0,13.65,3.228,13405,113.31,41.25,767,953,1277,0,ON
2026-01-22 17:00:37.203,30.1,13.74,3.219,13405,113.19,41.37,768,954,1284,0,ON
2026-01-22 17:00:37.944,30.0,13.85,3.207,13459,113.08,41.49,758,957,1281,0,ON
2026-01-22 17:00:38.674,30.1,13.78,3.215,13459,112.96,41.61,770,958,1280,0,ON
2026-01-22 17:00:39.415,30.1,13.86,3.207,13525,112.84,41.72,776,965,1295,0,ON
2026-01-22 17:00:40.153,30.1,13.80,3.213,13525,112.72,41.85,763,943,1271,0,ON
2026-01-22 17:00:40.897,30.1,13.79,3.214,13569,112.59,41.98,783,972,1303,0,ON
2026-01-22 17:00:41.619,30.1,13.98,3.194,13569,112.48,42.09,768,949,1279,0,ON
2026-01-22 17:00:42.364,30.1,13.98,3.194,13590,112.36,42.21,779,963,1293,0,ON
2026-01-22 17:00:43.089,30.1,13.95,3.197,13590,112.23,42.34,768,946,1278,0,ON
2026-01-22 17:00:43.829,30.1,14.00,3.192,13634,112.12,42.45,765,942,1272,0,ON
2026-01-22 17:00:44.554,30.1,14.00,3.180,13634,112.00,42.56,766,940,1272,0,ON
2026-01-22 17:00:45.301,30.1,14.00,3.192,13666,111.89,42.68,773,954,1280,0,ON
2026-01-22 17:00:46.041,30.1,14.00,3.173,13666,111.75,42.81,765,943,1262,0,ON
2026-01-22 17:00:46.782,30.1,14.00,3.181,13700,111.64,42.92,779,959,1291,0,ON
2026-01-22 17:00:47.506,30.1,14.00,3.178,13700,111.53,43.04,777,956,1285,0,ON
2026-01-22 17:00:48.257,30.1,14.00,3.176,13740,111.40,43.16,756,924,1253,0,ON
2026-01-22 17:00:49.052,30.1,14.00,3.164,13740,111.29,43.28,773,950,1272,0,ON
2026-01-22 17:00:49.849,30.1,14.00,3.176,13800,111.16,43.41,766,935,1263,0,ON
2026-01-22 17:00:50.572,30.1,14.00,3.166,13800,111.03,43.54,780,955,1288,0,ON
2026-01-22 17:00:51.320,30.1,14.00,3.162,13861,110.91,43.65,779,955,1284,0,ON
2026-01-22 17:00:52.057,30.1,14.00,3.162,13861,110.80,43.77,783,961,1286,0,ON
2026-01-22 17:00:52.801,30.1,14.00,3.155,13918,110.66,43.90,786,962,1293,0,ON
2026-01-22 17:00:53.524,30.1,14.00,3.162,13918,110.55,44.01,790,967,1289,0,ON
2026-01-22 17:00:54.266,30.1,14.00,3.140,13918,110.44,44.13,781,956,1281,0,ON
2026-01-22 17:00:54.989,30.1,14.00,3.142,13918,110.31,44.26,797,981,1304,0,ON
2026-01-22 17:00:55.732,30.1,14.00,3.157,13974,110.19,44.37,783,959,1279,0,ON
2026-01-22 17:00:56.457,30.1,14.00,3.160,13974,110.08,44.48,791,969,1286,0,ON
2026-01-22 17:00:57.198,30.1,14.00,3.157,14019,109.96,44.60,795,970,1300,0,ON
2026-01-22 17:00:57.922,30.1,14.00,3.163,14019,109.84,44.73,776,944,1267,0,ON
2026-01-22 17:00:58.670,30.1,14.00,3.161,14064,109.73,44.84,781,949,1273,0,ON
2026-01-22 17:00:59.394,30.1,14.00,3.155,14064,109.61,44.96,803,983,1309,0,ON
2026-01-22 17:01:00.140,30.1,14.00,3.155,14064,109.50,45.07,788,962,1278,0,ON
2026-01-22 17:01:00.963,30.1,14.00,3.142,14064,109.37,45.20,784,951,1273,0,ON
2026-01-22 17:01:01.763,30.1,14.00,3.132,14155,109.22,45.34,796,969,1298,0,ON
2026-01-22 17:01:02.494,30.1,14.00,3.136,14155,109.11,45.46,785,953,1277,0,ON
2026-01-22 17:01:03.239,30.1,14.00,3.145,14178,108.99,45.57,793,964,1281,0,ON
2026-01-22 17:01:03.970,30.1,14.00,3.135,14178,108.86,45.70,800,974,1292,0,ON
2026-01-22 17:01:04.734,30.1,14.00,3.123,14236,108.75,45.82,800,978,1313,0,ON
2026-01-22 17:01:05.458,30.1,14.00,3.139,14236,108.64,45.93,789,958,1277,0,ON
2026-01-22 17:01:06.269,30.1,14.00,3.144,14316,108.51,46.06,798,967,1289,0,ON
2026-01-22 17:01:07.105,30.1,14.00,3.131,14316,108.36,46.21,802,975,1294,0,ON
2026-01-22 17:01:07.848,30.1,14.00,3.144,14386,108.25,46.32,796,965,1283,0,ON
2026-01-22 17:01:08.573,30.1,14.00,3.128,14386,108.12,46.45,798,966,1289,0,ON
2026-01-22 17:01:09.314,30.1,14.00,3.122,14398,108.01,46.56,817,999,1313,0,ON
2026-01-22 17:01:10.051,30.2,14.00,3.126,14398,107.89,46.68,800,972,1284,0,ON
2026-01-22 17:01:10.793,30.1,14.00,3.122,14492,107.77,46.79,814,984,1306,0,ON
2026-01-22 17:01:11.516,30.1,14.00,3.118,14492,107.64,46.93,805,973,1287,0,ON
2026-01-22 17:01:12.264,30.1,14.00,3.130,14538,107.53,47.04,818,993,1311,0,ON
2026-01-22 17:01:12.987,30.2,14.00,3.119,14538,107.41,47.16,816,990,1307,0,ON
2026-01-22 17:01:13.728,30.1,14.00,3.124,14561,107.30,47.27,813,984,1293,0,ON
2026-01-22 17:01:14.455,30.2,14.00,3.128,14561,107.18,47.39,811,982,1296,0,ON
2026-01-22 17:01:15.198,30.1,14.00,3.129,14609,107.05,47.51,810,976,1292,0,ON
2026-01-22 17:01:15.920,30.2,14.00,3.123,14609,106.94,47.63,823,996,1310,0,ON
2026-01-22 17:01:16.677,30.1,14.00,3.112,14656,106.82,47.74,806,974,1287,0,ON
2026-01-22 17:01:17.401,30.2,14.00,3.115,14656,106.70,47.87,817,987,1297,0,ON
2026-01-22 17:01:18.147,30.2,14.00,3.112,14728,106.58,47.99,817,982,1299,0,ON
2026-01-22 17:01:18.871,30.2,14.00,3.117,14728,106.45,48.11,811,974,1288,0,ON
2026-01-22 17:01:19.613,30.1,14.00,3.113,14763,106.33,48.23,822,988,1301,0,ON
2026-01-22 17:01:20.344,30.2,14.00,3.109,14763,106.21,48.35,819,988,1293,0,ON
2026-01-22 17:01:21.086,30.2,14.00,3.106,14800,106.11,48.45,822,988,1302,0,ON
2026-01-22 17:01:21.908,30.2,14.00,3.111,14800,105.98,48.59,804,963,1271,0,ON
2026-01-22 17:01:22.670,30.2,14.00,3.112,14860,105.85,48.72,811,971,1282,0,ON
2026-01-22 17:01:23.397,30.3,14.00,3.116,14860,105.71,48.85,802,956,1259,0,ON
2026-01-22 17:01:24.150,30.3,14.00,3.098,14932,105.60,48.96,825,990,1302,0,ON
2026-01-22 17:01:24.872,30.2,14.00,3.104,14932,105.49,49.08,829,996,1303,0,ON
2026-01-22 17:01:25.613,30.2,14.00,3.108,14982,105.37,49.20,817,973,1282,0,ON
2026-01-22 17:01:26.337,30.2,14.00,3.113,14982,105.24,49.33,839,1006,1312,0,ON
2026-01-22 17:01:27.082,30.2,14.00,3.095,15018,105.12,49.44,839,1009,1317,0,ON
2026-01-22 17:01:27.807,30.2,14.00,3.097,15018,105.01,49.56,835,1007,1311,0,ON
2026-01-22 17:01:28.552,30.2,14.00,3.105,15091,104.90,49.67,845,1014,1325,0,ON
2026-01-22 17:01:29.276,30.2,14.00,3.095,15091,104.77,49.80,828,988,1293,0,ON
2026-01-22 17:01:30.035,30.2,14.00,3.088,15141,104.65,49.92,836,1003,1304,0,ON
2026-01-22 17:01:30.758,30.2,14.00,3.095,15141,104.53,50.03,833,992,1293,0,ON
2026-01-22 17:01:31.511,30.3,14.00,3.092,15215,104.41,50.16,821,975,1277,0,ON
2026-01-22 17:01:32.247,30.3,14.00,3.097,15215,104.29,50.28,827,984,1287,0,ON
2026-01-22 17:01:32.989,30.3,14.00,3.089,15264,104.17,50.39,840,1002,1303,0,ON
2026-01-22 17:01:33.714,30.3,14.00,3.092,15264,104.04,50.52,849,1010,1316,0,ON
2026-01-22 17:01:34.459,30.3,14.00,3.095,15326,103.93,50.64,830,988,1287,0,ON
2026-01-22 17:01:35.292,30.3,14.00,3.089,15326,103.81,50.75,847,1010,1312,0,ON
2026-01-22 17:01:36.157,30.2,14.00,3.079,15402,103.66,50.91,828,987,1283,0,ON
2026-01-22 17:01:36.882,30.3,14.00,3.099,15402,103.54,51.03,864,1031,1335,0,ON
2026-01-22 17:01:37.635,30.3,14.00,3.083,15427,103.41,51.16,855,1023,1322,0,ON
2026-01-22 17:01:38.364,30.3,14.00,3.087,15427,103.30,51.27,832,991,1288,0,ON
2026-01-22 17:01:39.106,30.2,14.00,3.091,15553,103.18,51.39,851,1015,1315,0,ON
2026-01-22 17:01:39.830,30.2,14.00,3.080,15553,103.05,51.52,857,1023,1324,0,ON
2026-01-22 17:01:40.576,30.3,14.00,3.088,15605,102.94,51.63,827,985,1281,0,ON
2026-01-22 17:01:41.303,30.3,14.00,3.078,15605,102.82,51.74,847,1012,1306,0,ON
2026-01-22 17:01:42.061,30.3,14.00,3.084,15655,102.71,51.86,858,1025,1326,0,ON
2026-01-22 17:01:42.785,30.2,14.00,3.090,15655,102.58,51.99,825,1002,1297,0,ON
2026-01-22 17:01:43.528,30.3,14.00,3.070,15694,102.46,52.10,847,1011,1309,0,ON
2026-01-22 17:01:44.262,30.3,14.00,3.087,15694,102.35,52.22,842,1001,1298,0,ON
2026-01-22 17:01:45.008,30.3,14.00,3.092,15784,102.21,52.36,844,1005,1300,0,ON
2026-01-22 17:01:45.734,30.3,14.00,3.077,15784,102.10,52.46,845,997,1290,0,ON
2026-01-22 17:01:46.483,30.3,14.00,3.090,15823,101.99,52.57,849,1009,1299,0,ON
2026-01-22 17:01:47.299,30.3,14.00,3.078,15823,101.86,52.70,850,1013,1301,0,ON
2026-01-22 17:01:48.067,30.3,14.00,3.079,15875,101.73,52.84,846,1005,1292,0,ON
2026-01-22 17:01:48.789,30.3,14.00,3.060,15875,101.61,52.95,858,1021,1313,0,ON
2026-01-22 17:01:49.534,30.3,14.00,3.080,15953,101.49,53.08,850,1010,1295,0,ON
2026-01-22 17:01:50.261,30.3,14.00,3.073,15953,101.38,53.19,877,1049,1341,0,ON
2026-01-22 17:01:51.048,30.3,14.00,3.074,16072,101.26,53.31,851,1010,1296,0,ON
2026-01-22 17:01:51.781,30.3,14.00,3.063,16072,101.13,53.44,848,1004,1292,0,ON
2026-01-22 17:01:52.529,30.3,14.00,3.080,16125,101.01,53.56,857,1017,1302,0,ON
2026-01-22 17:01:53.362,30.3,14.00,3.059,16125,100.87,53.70,862,1024,1306,0,ON
2026-01-22 17:01:54.120,30.3,14.00,3.078,16204,100.75,53.81,870,1032,1319,0,ON
2026-01-22 17:01:54.845,30.3,14.00,3.066,16204,100.63,53.94,858,1016,1298,0,ON
2026-01-22 17:01:55.589,30.3,14.00,3.073,16298,100.52,54.05,865,1026,1305,0,ON
2026-01-22 17:01:56.316,30.3,14.00,3.071,16298,100.40,54.17,876,1041,1327,0,ON
2026-01-22 17:01:57.060,30.3,14.00,3.067,16351,100.28,54.29,864,1020,1303,0,ON
2026-01-22 17:01:57.784,30.3,14.00,3.068,16351,100.15,54.42,851,1003,1280,0,ON
2026-01-22 17:01:58.530,30.3,14.00,3.055,16460,100.03,54.53,869,1027,1310,0,ON
2026-01-22 17:01:59.257,30.3,14.00,3.063,16460,99.93,54.64,866,1020,1302,0,ON
2026-01-22 17:02:00.014,30.3,14.00,3.057,16473,99.81,54.75,876,1039,1320,0,ON
2026-01-22 17:02:00.739,30.3,14.00,3.059,16473,99.69,54.88,861,1014,1295,0,ON
2026-01-22 17:02:01.484,30.3,14.00,3.044,16514,99.57,54.99,878,1037,1315,0,ON
2026-01-22 17:02:02.215,30.3,14.00,3.050,16514,99.44,55.13,872,1030,1306,0,ON
2026-01-22 17:02:02.970,30.3,14.00,3.053,16623,99.32,55.24,882,1045,1324,0,ON
2026-01-22 17:02:03.694,30.3,14.00,3.053,16623,99.21,55.35,884,1046,1325,0,ON
2026-01-22 17:02:04.440,30.3,14.00,3.053,16706,99.10,55.47,867,1021,1293,0,ON
2026-01-22 17:02:05.167,30.3,14.00,3.064,16706,98.97,55.59,884,1044,1322,0,ON
2026-01-22 17:02:05.915,30.3,14.00,3.061,16831,98.86,55.70,880,1036,1307,0,ON
2026-01-22 17:02:06.654,30.3,14.00,3.040,16831,98.75,55.82,886,1047,1326,0,ON
2026-01-22 17:02:07.397,30.3,14.00,3.046,16873,98.62,55.95,868,1019,1290,0,ON
2026-01-22 17:02:08.194,30.3,14.00,3.049,16873,98.51,56.06,885,1043,1315,0,ON
2026-01-22 17:02:08.998,30.3,14.00,3.057,16992,98.36,56.21,882,1038,1308,0,ON
2026-01-22 17:02:09.724,30.3,14.00,3.052,16992,98.24,56.32,886,1044,1313,0,ON
2026-01-22 17:02:10.469,30.3,14.00,3.047,17049,98.13,56.43,892,1050,1323,0,ON
2026-01-22 17:02:11.194,30.3,14.00,3.034,17049,98.01,56.56,895,1053,1327,0,ON
2026-01-22 17:02:11.937,30.3,14.00,3.037,17112,97.89,56.68,880,1033,1300,0,ON
2026-01-22 17:02:12.664,30.3,14.00,3.052,17112,97.78,56.79,882,1036,1300,0,ON
2026-01-22 17:02:13.406,30.3,14.00,3.049,17212,97.66,56.91,887,1040,1307,0,ON
2026-01-22 17:02:14.140,30.3,14.00,3.038,17212,97.54,57.03,891,1048,1315,0,ON
2026-01-22 17:02:14.885,30.3,14.00,3.045,17313,97.42,57.14,895,1049,1318,0,ON
2026-01-22 17:02:15.613,30.3,14.00,3.044,17313,97.31,57.26,890,1043,1309,0,ON
2026-01-22 17:02:16.361,30.3,14.00,3.045,17414,97.18,57.38,898,1055,1322,0,ON
2026-01-22 17:02:17.085,30.3,14.00,3.033,17414,97.07,57.50,897,1052,1318,0,ON
2026-01-22 17:02:17.831,30.3,14.00,3.033,17501,96.96,57.61,884,1035,1292,0,ON
2026-01-22 17:02:18.673,30.3,14.00,3.028,17501,96.81,57.76,891,1042,1307,0,ON
2026-01-22 17:02:19.419,30.3,14.00,3.049,17618,96.70,57.86,893,1046,1302,0,ON
2026-01-22 17:02:20.153,30.3,14.00,3.036,17618,96.57,58.00,903,1061,1325,0,ON
2026-01-22 17:02:20.895,30.3,14.00,3.037,17692,96.46,58.10,893,1044,1299,0,ON
2026-01-22 17:02:21.733,30.3,14.00,3.033,17692,96.35,58.22,922,1084,1347,0,ON
2026-01-22 17:02:22.590,30.3,14.00,3.028,17797,96.19,58.38,905,1058,1318,0,ON
2026-01-22 17:02:23.313,30.3,14.00,3.036,17797,96.08,58.49,910,1069,1324,0,ON
2026-01-22 17:02:24.071,30.3,14.00,3.046,17856,95.96,58.61,892,1043,1293,0,ON
2026-01-22 17:02:24.797,30.3,14.00,3.042,17856,95.84,58.72,917,1073,1332,0,ON
2026-01-22 17:02:25.541,30.3,14.00,3.035,17999,95.73,58.84,912,1056,1314,0,ON
2026-01-22 17:02:26.266,30.3,14.00,3.024,17999,95.61,58.96,903,1055,1311,0,ON
2026-01-22 17:02:27.009,30.3,14.00,3.027,18067,95.48,59.09,917,1073,1326,0,ON
2026-01-22 17:02:27.735,30.3,14.00,3.044,18067,95.37,59.19,907,1060,1309,0,ON
2026-01-22 17:02:28.486,30.3,14.00,3.035,18204,95.26,59.31,905,1058,1309,0,ON
2026-01-22 17:02:29.214,30.3,14.00,3.048,18204,95.14,59.43,905,1057,1306,0,ON
2026-01-22 17:02:29.969,30.3,14.00,3.028,18265,95.02,59.55,927,1087,1340,0,ON
2026-01-22 17:02:30.694,30.3,14.00,3.027,18265,94.91,59.66,926,1085,1333,0,ON
2026-01-22 17:02:31.437,30.3,14.00,3.015,18374,94.78,59.79,924,1077,1327,0,ON
2026-01-22 17:02:32.171,30.3,14.00,3.027,18374,94.66,59.91,923,1078,1327,0,ON
2026-01-22 17:02:32.917,30.3,14.00,3.020,18467,94.55,60.02,916,1070,1316,0,ON
2026-01-22 17:02:33.682,30.3,14.00,3.026,18467,94.42,60.14,923,1080,1327,0,ON
2026-01-22 17:02:34.441,30.3,14.00,3.017,18544,94.31,60.26,917,1069,1316,0,ON
2026-01-22 17:02:35.167,30.3,14.00,3.030,18544,94.19,60.38,931,1087,1334,0,ON
2026-01-22 17:02:35.910,30.3,14.00,3.027,18639,94.07,60.50,915,1065,1310,0,ON
2026-01-22 17:02:36.636,30.3,14.00,3.021,18639,93.96,60.60,921,1074,1319,0,ON
2026-01-22 17:02:37.407,30.3,14.00,3.013,18814,93.85,60.72,926,1080,1324,0,ON
2026-01-22 17:02:38.148,30.3,14.00,3.008,18814,93.72,60.85,930,1084,1326,0,ON
2026-01-22 17:02:38.897,30.3,14.00,3.014,18958,93.60,60.96,923,1075,1314,0,ON
2026-01-22 17:02:39.730,30.3,14.00,3.015,18958,93.46,61.10,924,1079,1314,0,ON
2026-01-22 17:02:40.478,30.3,14.00,3.022,19006,93.35,61.21,915,1064,1302,0,ON
2026-01-22 17:02:41.202,30.3,14.00,3.015,19006,93.22,61.34,933,1087,1327,0,ON
2026-01-22 17:02:41.950,30.3,14.00,3.015,19055,93.11,61.46,940,1099,1332,0,ON
2026-01-22 17:02:42.675,30.3,14.00,3.014,19055,92.99,61.58,921,1072,1304,0,ON
2026-01-22 17:02:43.418,30.3,14.00,3.015,19136,92.88,61.68,952,1116,1356,0,ON
2026-01-22 17:02:44.149,30.3,14.00,3.016,19136,92.75,61.82,930,1083,1319,0,ON
2026-01-22 17:02:44.895,30.3,14.00,3.025,19300,92.64,61.92,920,1069,1298,0,ON
2026-01-22 17:02:45.618,30.3,14.00,3.019,19300,92.53,62.04,946,1104,1338,0,ON
2026-01-22 17:02:46.367,30.4,14.00,3.012,19399,92.39,62.18,938,1093,1324,0,ON
2026-01-22 17:02:47.092,30.3,14.00,3.012,19399,92.28,62.28,933,1086,1317,0,ON
2026-01-22 17:02:47.835,30.3,14.00,3.014,19481,92.17,62.40,948,1106,1335,0,ON
2026-01-22 17:02:48.563,30.3,14.00,3.021,19481,92.05,62.52,945,1102,1334,0,ON
2026-01-22 17:02:49.318,30.4,14.00,3.015,19582,91.93,62.63,922,1072,1300,0,ON
2026-01-22 17:02:50.062,30.3,14.00,3.010,19582,91.81,62.75,948,1105,1330,0,ON
2026-01-22 17:02:50.805,30.3,14.00,3.011,19734,91.69,62.88,932,1081,1304,0,ON
2026-01-22 17:02:51.530,30.3,14.00,3.019,19734,91.57,62.99,942,1098,1326,0,ON
2026-01-22 17:02:52.279,30.3,14.00,3.010,19819,91.46,63.10,941,1093,1319,0,ON
2026-01-22 17:02:53.040,30.3,14.00,3.001,19819,91.33,63.24,932,1081,1308,0,ON
2026-01-22 17:02:53.806,30.3,14.00,3.001,19955,91.22,63.34,933,1083,1301,0,ON
2026-01-22 17:02:54.606,30.3,14.00,3.011,19955,91.09,63.48,940,1093,1315,0,ON
2026-01-22 17:02:55.405,30.3,14.00,3.012,20024,90.96,63.61,942,1095,1312,0,ON
2026-01-22 17:02:56.138,30.3,14.00,3.002,20024,90.84,63.73,943,1095,1316,0,ON
2026-01-22 17:02:56.882,30.3,14.00,3.002,20145,90.72,63.85,949,1096,1316,0,ON
2026-01-22 17:02:57.606,30.3,14.00,2.999,20145,90.61,63.96,950,1105,1322,0,ON
2026-01-22 17:02:58.355,30.3,14.00,3.006,20320,90.48,64.08,941,1093,1312,0,ON
2026-01-22 17:02:59.081,30.3,14.00,3.007,20320,90.37,64.20,942,1095,1309,0,ON
2026-01-22 17:02:59.826,30.3,14.00,2.994,20355,90.25,64.32,953,1108,1324,0,ON
2026-01-22 17:03:00.551,30.3,14.00,2.992,20355,90.12,64.44,945,1098,1313,0,ON
2026-01-22 17:03:01.295,30.3,14.00,3.012,20443,90.01,64.56,955,1111,1326,0,ON
2026-01-22 17:03:02.032,30.3,14.00,3.007,20443,89.90,64.67,951,1104,1316,0,ON
2026-01-22 17:03:02.775,30.3,14.00,3.002,20657,89.79,64.78,946,1099,1309,0,ON
2026-01-22 17:03:03.501,30.3,14.00,3.004,20657,89.66,64.91,957,1114,1325,0,ON
2026-01-22 17:03:04.335,30.3,14.00,3.006,20711,89.54,65.03,965,1125,1338,0,ON
2026-01-22 17:03:05.172,30.3,14.00,3.004,20711,89.38,65.19,960,1117,1327,0,ON
2026-01-22 17:03:05.917,30.3,14.00,3.006,20820,89.27,65.29,951,1104,1311,0,ON
2026-01-22 17:03:06.644,30.3,14.00,3.007,20820,89.17,65.40,960,1116,1326,0,ON
2026-01-22 17:03:07.386,30.4,14.00,2.996,20947,89.05,65.51,964,1122,1330,0,ON
2026-01-22 17:03:08.127,30.3,14.00,3.006,20947,88.92,65.64,953,1106,1314,0,ON
2026-01-22 17:03:08.879,30.3,14.00,2.985,21076,88.81,65.75,961,1119,1322,0,ON
2026-01-22 17:03:09.602,30.3,14.00,2.977,21076,88.68,65.89,974,1136,1342,0,ON
2026-01-22 17:03:10.386,30.3,14.00,2.998,21186,88.57,66.00,962,1122,1322,0,ON
2026-01-22 17:03:11.120,30.3,14.00,2.993,21186,88.43,66.13,959,1117,1315,0,ON
2026-01-22 17:03:11.869,30.3,14.00,3.003,21316,88.33,66.24,952,1106,1308,0,ON
2026-01-22 17:03:12.595,30.3,14.00,2.991,21316,88.21,66.36,964,1123,1322,0,ON
2026-01-22 17:03:13.339,30.3,14.00,2.996,21447,88.10,66.47,963,1120,1320,0,ON
2026-01-22 17:03:14.077,30.4,14.00,3.001,21447,87.97,66.60,957,1113,1309,0,ON
2026-01-22 17:03:14.821,30.4,14.00,2.990,21504,87.85,66.71,980,1143,1343,0,ON
2026-01-22 17:03:15.546,30.3,14.00,2.998,21504,87.74,66.83,966,1123,1323,0,ON
2026-01-22 17:03:16.291,30.3,14.00,2.995,21637,87.61,66.95,961,1120,1312,0,ON
2026-01-22 17:03:17.015,30.3,14.00,2.992,21637,87.50,67.06,978,1139,1334,0,ON
2026-01-22 17:03:17.760,30.3,14.00,2.994,21810,87.39,67.18,975,1135,1331,0,ON
2026-01-22 17:03:18.487,30.3,14.00,2.993,21810,87.26,67.31,963,1120,1314,0,ON
2026-01-22 17:03:19.232,30.3,14.00,3.000,21945,87.15,67.42,969,1126,1317,0,ON
2026-01-22 17:03:19.981,30.3,14.00,2.997,21945,87.04,67.53,980,1143,1338,0,ON
2026-01-22 17:03:20.740,30.3,14.00,3.000,22101,86.90,67.66,979,1143,1336,0,ON
2026-01-22 17:03:21.465,30.3,14.00,2.991,22101,86.79,67.77,966,1124,1315,0,ON
2026-01-22 17:03:22.219,30.3,14.00,3.007,22198,86.68,67.89,967,1123,1310,0,ON
2026-01-22 17:03:22.945,30.3,14.00,2.996,22198,86.55,68.02,993,1162,1339,0,ON
2026-01-22 17:03:23.797,30.3,14.00,3.001,22238,86.44,68.13,972,1134,1319,0,ON
2026-01-22 17:03:24.637,30.3,14.00,2.999,22238,86.27,68.29,971,1131,1315,0,ON
2026-01-22 17:03:25.382,30.3,14.00,2.998,22437,86.17,68.40,972,1129,1312,0,ON
2026-01-22 17:03:26.123,30.3,14.00,2.993,22437,86.05,68.52,988,1153,1339,0,ON
2026-01-22 17:03:26.868,30.3,14.00,2.989,22497,85.92,68.65,968,1127,1310,0,ON
2026-01-22 17:03:27.594,30.3,14.00,2.994,22497,85.81,68.76,983,1129,1311,0,ON
2026-01-22 17:03:28.342,30.4,14.00,2.988,22658,85.70,68.87,981,1143,1324,0,ON
2026-01-22 17:03:29.068,30.3,14.00,2.995,22658,85.57,68.99,972,1130,1309,0,ON
2026-01-22 17:03:29.811,30.3,14.00,2.997,22800,85.46,69.11,987,1155,1335,0,ON
2026-01-22 17:03:30.537,30.3,14.00,2.994,22800,85.34,69.22,986,1152,1332,0,ON
2026-01-22 17:03:31.281,30.4,14.00,2.993,22841,85.23,69.34,991,1158,1337,0,ON
2026-01-22 17:03:32.017,30.3,14.00,3.001,22841,85.10,69.47,971,1132,1305,0,ON
2026-01-22 17:03:32.765,30.3,14.00,2.981,22985,84.98,69.58,997,1166,1345,0,ON
2026-01-22 17:03:33.494,30.3,14.00,2.991,22985,84.85,69.71,992,1159,1336,0,ON
2026-01-22 17:03:34.238,30.3,14.00,2.998,23046,84.74,69.82,973,1134,1306,0,ON
2026-01-22 17:03:34.965,30.3,14.00,2.986,23046,84.63,69.94,986,1151,1327,0,ON
2026-01-22 17:03:35.745,30.3,14.00,2.990,23192,84.52,70.05,976,1157,1329,0,ON
2026-01-22 17:03:36.473,30.3,14.00,2.991,23192,84.39,70.18,985,1150,1318,0,ON
2026-01-22 17:03:37.219,30.3,14.00,2.988,23297,84.27,70.29,983,1149,1321,0,ON
2026-01-22 17:03:37.945,30.4,14.00,2.990,23297,84.14,70.43,1009,1184,1354,0,ON
2026-01-22 17:03:38.693,30.3,14.00,2.978,23423,84.03,70.54,1002,1174,1343,0,ON
2026-01-22 17:03:39.441,30.3,14.00,2.987,23423,83.92,70.64,987,1154,1322,0,ON
2026-01-22 17:03:40.210,30.3,14.00,2.975,23487,83.79,70.78,991,1159,1327,0,ON
2026-01-22 17:03:40.936,30.3,14.00,2.976,23487,83.67,70.89,995,1165,1331,0,ON
2026-01-22 17:03:41.789,30.3,14.00,2.975,23648,83.53,71.03,991,1161,1326,0,ON
2026-01-22 17:03:42.521,30.3,14.00,2.976,23648,83.42,71.15,1000,1170,1324,0,ON
2026-01-22 17:03:43.264,30.3,14.00,2.974,23808,83.31,71.26,998,1169,1333,0,ON
2026-01-22 17:03:44.000,30.3,14.00,2.984,23808,83.18,71.39,991,1161,1324,0,ON
2026-01-22 17:03:44.743,30.3,14.00,2.968,23961,83.06,71.50,1005,1178,1341,0,ON
2026-01-22 17:03:45.468,30.3,14.00,2.991,23961,82.95,71.61,1001,1174,1333,0,ON
2026-01-22 17:03:46.219,30.3,14.00,2.983,24070,82.83,71.74,977,1143,1301,0,ON
2026-01-22 17:03:47.062,30.3,14.00,2.979,24070,82.71,71.85,1006,1183,1344,0,ON
2026-01-22 17:03:47.805,30.3,14.00,2.984,24170,82.59,71.97,1003,1178,1337,0,ON
2026-01-22 17:03:48.534,30.3,14.00,2.988,24170,82.47,72.10,986,1170,1322,0,ON
2026-01-22 17:03:49.277,30.3,14.00,2.985,24313,82.36,72.21,1000,1173,1328,0,ON
2026-01-22 17:03:50.002,30.3,14.00,2.980,24313,82.25,72.32,1011,1189,1346,0,ON
2026-01-22 17:03:50.750,30.3,14.00,2.986,24446,82.13,72.43,1001,1178,1328,0,ON
2026-01-22 17:03:51.479,30.3,14.00,2.973,24446,82.00,72.56,1003,1179,1332,0,ON
2026-01-22 17:03:52.236,30.3,14.00,2.974,24514,81.89,72.67,1014,1196,1350,0,ON
2026-01-22 17:03:52.960,30.3,14.00,2.975,24514,81.77,72.79,1008,1185,1338,0,ON
2026-01-22 17:03:53.705,30.3,14.00,2.970,24514,81.65,72.92,996,1173,1319,0,ON
2026-01-22 17:03:54.433,30.3,14.00,2.990,24514,81.54,73.03,1004,1178,1325,0,ON
2026-01-22 17:03:55.224,30.3,14.00,2.980,24627,81.42,73.14,1009,1188,1336,0,ON
2026-01-22 17:03:55.965,30.3,14.00,2.972,24627,81.29,73.28,1008,1186,1334,0,ON
2026-01-22 17:03:56.816,30.3,14.00,2.984,24808,81.18,73.39,1005,1183,1330,0,ON
2026-01-22 17:03:57.551,30.3,14.00,2.968,24808,81.04,73.52,1013,1194,1341,0,ON
2026-01-22 17:03:58.306,30.3,14.00,2.967,24969,80.92,73.64,1013,1194,1343,0,ON
2026-01-22 17:03:59.032,30.3,14.00,2.970,24969,80.79,73.77,997,1176,1315,0,ON
2026-01-22 17:03:59.778,30.3,14.00,2.975,25062,80.68,73.88,1014,1196,1339,0,ON
2026-01-22 17:04:00.506,30.3,14.00,2.968,25062,80.58,73.99,1013,1195,1332,0,ON
2026-01-22 17:04:01.250,30.3,14.00,2.979,25202,80.44,74.13,1003,1184,1322,0,ON
2026-01-22 17:04:01.973,30.3,14.00,2.985,25202,80.33,74.24,1017,1185,1323,0,ON
2026-01-22 17:04:02.720,30.3,14.00,2.977,25342,80.21,74.35,1017,1200,1339,0,ON
2026-01-22 17:04:03.444,30.3,14.00,2.978,25342,80.09,74.48,1012,1195,1333,0,ON
2026-01-22 17:04:04.201,30.3,14.00,2.972,25390,79.98,74.59,1015,1198,1333,0,ON
2026-01-22 17:04:04.925,30.3,14.00,2.969,25390,79.87,74.70,1026,1215,1353,0,ON
2026-01-22 17:04:05.669,30.3,14.00,2.976,25517,79.75,74.82,1022,1210,1342,0,ON
2026-01-22 17:04:06.499,30.3,14.00,2.968,25517,79.61,74.95,1011,1197,1331,0,ON
2026-01-22 17:04:07.353,30.3,14.00,2.987,25732,79.47,75.09,1010,1195,1326,0,ON
2026-01-22 17:04:08.084,30.3,14.00,2.964,25732,79.34,75.23,1012,1196,1325,0,ON
2026-01-22 17:04:08.826,30.3,14.00,2.970,25819,79.23,75.34,1025,1215,1347,0,ON
2026-01-22 17:04:09.549,30.3,14.00,2.968,25819,79.11,75.45,1012,1199,1329,0,ON
2026-01-22 17:04:10.300,30.3,14.00,2.978,25891,79.00,75.56,1016,1205,1331,0,ON
2026-01-22 17:04:11.031,30.3,14.00,2.966,25891,78.87,75.69,1022,1211,1353,0,ON
2026-01-22 17:04:11.776,30.3,14.00,2.963,25975,78.76,75.81,1016,1205,1329,0,ON
2026-01-22 17:04:12.536,30.3,14.00,2.968,25975,78.63,75.94,1013,1201,1327,0,ON
2026-01-22 17:04:13.282,30.3,14.00,2.966,26048,78.51,76.06,1027,1220,1344,0,ON
2026-01-22 17:04:14.006,30.3,14.00,2.971,26048,78.40,76.17,1025,1217,1344,0,ON
2026-01-22 17:04:14.752,30.3,14.00,2.967,26308,78.27,76.29,1019,1209,1333,0,ON
2026-01-22 17:04:15.478,30.3,14.00,2.971,26308,78.16,76.41,1021,1212,1334,0,ON
2026-01-22 17:04:16.234,30.3,14.00,2.971,26393,78.04,76.52,1033,1228,1348,0,ON
2026-01-22 17:04:16.966,30.3,14.00,2.976,26393,77.91,76.65,1032,1228,1349,0,ON
2026-01-22 17:04:17.709,30.3,14.00,2.951,26507,77.80,76.76,1016,1207,1324,0,ON
2026-01-22 17:04:18.437,30.3,14.00,2.967,26507,77.68,76.88,1032,1227,1347,0,ON
2026-01-22 17:04:19.181,30.3,14.00,2.957,26633,77.55,77.02,1033,1231,1350,0,ON
2026-01-22 17:04:19.905,30.3,14.00,2.970,26633,77.44,77.13,1027,1223,1337,0,ON
2026-01-22 17:04:20.653,30.3,14.00,2.974,26734,77.32,77.25,1036,1237,1350,0,ON
2026-01-22 17:04:21.378,30.3,14.00,2.970,26734,77.21,77.36,1029,1226,1339,0,ON
2026-01-22 17:04:22.199,30.3,14.00,2.972,26785,77.08,77.49,1022,1219,1329,0,ON
2026-01-22 17:04:22.942,30.3,14.00,2.956,26785,76.95,77.62,1035,1235,1347,0,ON
2026-01-22 17:04:23.684,30.3,14.00,2.960,26901,76.84,77.73,1026,1224,1333,0,ON
2026-01-22 17:04:24.412,30.3,14.00,2.959,26901,76.70,77.86,1037,1240,1350,0,ON
2026-01-22 17:04:25.159,30.3,14.00,2.962,27067,76.58,77.98,1038,1240,1348,0,ON
2026-01-22 17:04:25.960,30.3,14.00,2.956,27067,76.47,78.10,1034,1235,1342,0,ON
2026-01-22 17:04:26.814,30.3,14.00,2.966,27144,76.33,78.23,1027,1228,1334,0,ON
2026-01-22 17:04:27.648,30.3,14.00,2.969,27144,76.19,78.37,1047,1253,1360,0,ON
2026-01-22 17:04:28.534,30.3,14.00,2.958,27326,76.04,78.53,1037,1242,1348,0,ON
2026-01-22 17:04:29.260,30.3,14.00,2.960,27326,75.92,78.64,1041,1247,1352,0,ON
2026-01-22 17:04:30.005,30.3,14.00,2.956,27368,75.81,78.75,1034,1238,1339,0,ON
2026-01-22 17:04:30.733,30.3,14.00,2.968,27368,75.68,78.89,1031,1234,1336,0,ON
2026-01-22 17:04:31.476,30.3,14.00,2.954,27484,75.57,79.00,1042,1252,1350,0,ON
2026-01-22 17:04:32.215,30.3,14.00,2.960,27484,75.45,79.12,1049,1258,1358,0,ON
2026-01-22 17:04:32.959,30.3,14.00,2.963,27668,75.32,79.25,1031,1238,1335,0,ON
2026-01-22 17:04:33.684,30.3,14.00,2.957,27668,75.20,79.36,1046,1255,1353,0,ON
2026-01-22 17:04:34.430,30.3,14.00,2.964,27776,75.09,79.47,1046,1257,1354,0,ON
2026-01-22 17:04:35.156,30.3,14.00,2.960,27776,74.96,79.61,1033,1240,1333,0,ON
2026-01-22 17:04:35.898,30.3,14.00,2.961,27855,74.85,79.72,1049,1261,1358,0,ON
2026-01-22 17:04:36.626,30.3,14.00,2.955,27855,74.73,79.84,1049,1263,1357,0,ON
2026-01-22 17:04:37.369,30.3,14.00,2.961,28018,74.61,79.96,1034,1243,1336,0,ON
2026-01-22 17:04:38.122,30.3,14.00,2.968,28018,74.48,80.09,1038,1251,1347,0,ON
2026-01-22 17:04:38.873,30.3,14.00,2.959,28126,74.36,80.20,1051,1268,1357,0,ON
2026-01-22 17:04:39.599,30.3,14.00,2.961,28126,74.23,80.33,1050,1265,1352,0,ON
2026-01-22 17:04:40.347,30.3,14.00,2.959,28263,74.12,80.45,1040,1253,1342,0,ON
2026-01-22 17:04:41.070,30.3,14.00,2.974,28263,74.01,80.56,1050,1267,1354,0,ON
2026-01-22 17:04:41.836,30.3,14.00,2.951,28428,73.89,80.67,1047,1264,1350,0,ON
2026-01-22 17:04:42.564,30.3,14.00,2.963,28428,73.76,80.81,1048,1266,1350,0,ON
2026-01-22 17:04:43.372,30.3,14.00,2.956,28444,73.64,80.92,1042,1258,1340,0,ON
2026-01-22 17:04:44.170,30.3,14.00,2.948,28444,73.50,81.06,1054,1273,1355,0,ON
2026-01-22 17:04:44.916,30.3,14.00,2.959,28483,73.39,81.18,1038,1271,1351,0,ON
2026-01-22 17:04:45.641,30.3,14.00,2.960,28483,73.26,81.30,1059,1267,1347,0,ON
2026-01-22 17:04:46.385,30.3,14.00,2.963,28595,73.15,81.42,1059,1284,1364,0,ON
2026-01-22 17:04:47.109,30.3,14.00,2.953,28595,73.03,81.54,1048,1268,1346,0,ON
2026-01-22 17:04:47.853,30.2,14.00,2.961,28706,72.91,81.66,1049,1270,1348,0,ON
2026-01-22 17:04:48.578,30.3,14.00,2.967,28706,72.78,81.79,1057,1281,1357,0,ON
2026-01-22 17:04:49.325,30.3,14.00,2.962,28818,72.67,81.90,1049,1274,1349,0,ON
2026-01-22 17:04:50.049,30.3,14.00,2.961,28818,72.54,82.02,1050,1275,1350,0,ON
2026-01-22 17:04:50.795,30.3,14.00,2.958,29017,72.42,82.15,1060,1287,1359,0,ON
2026-01-22 17:04:51.519,30.3,14.00,2.957,29017,72.30,82.27,1057,1284,1356,0,ON
2026-01-22 17:04:52.272,30.3,14.00,2.962,29074,72.19,82.38,1061,1294,1366,0,ON
2026-01-22 17:04:53.001,30.3,14.00,2.961,29074,72.06,82.51,1056,1285,1356,0,ON
2026-01-22 17:04:53.853,30.3,14.00,2.956,29275,71.93,82.64,1050,1276,1345,0,ON
2026-01-22 17:04:54.581,30.2,14.00,2.972,29275,71.81,82.75,1054,1282,1351,0,ON
2026-01-22 17:04:55.325,30.2,14.00,2.956,29332,71.68,82.89,1058,1290,1354,0,ON
2026-01-22 17:04:56.078,30.3,14.00,2.960,29332,71.57,82.99,1058,1290,1357,0,ON
