SampleIndex,Timestamp,Temp,pH,Volt,EC,Weight,Weightloss,R,G,B,C,RelayStatus
0,2026-05-19 17:00:08.701,29.7,0.67,4.704,3901,188.91,0.27,1443,2261,1661,5821,ON
1,2026-05-19 17:00:09.201,29.7,0.73,4.736,3853,188.82,0.36,1437,2255,1657,5796,ON
2,2026-05-19 17:00:09.701,29.7,0.76,4.726,3802,188.74,0.44,1434,2250,1653,5702,ON
3,2026-05-19 17:00:10.201,29.7,0.77,4.716,3750,188.66,0.53,1426,2239,1646,5733,ON
4,2026-05-19 17:00:10.701,29.7,0.80,4.715,3695,188.57,0.62,1428,2242,1649,5809,ON
5,2026-05-19 17:00:11.201,29.7,0.80,4.722,3639,188.49,0.69,1431,2248,1653,5782,ON
6,2026-05-19 17:00:11.701,29.7,0.80,4.725,3584,188.40,0.78,1426,2239,1647,5750,ON
7,2026-05-19 17:00:12.201,29.7,0.80,4.728,3532,188.31,0.87,1422,2232,1642,5809,ON
8,2026-05-19 17:00:12.701,29.7,0.83,4.698,3483,188.22,0.96,1428,2241,1648,5883,ON
9,2026-05-19 17:00:13.201,29.7,0.88,4.718,3438,188.14,1.04,1424,2237,1645,5734,ON
10,2026-05-19 17:00:13.701,29.7,0.88,4.710,3393,188.05,1.13,1417,2234,1643,5813,ON
11,2026-05-19 17:00:14.201,29.7,0.90,4.722,3352,187.97,1.21,1414,2228,1639,5712,ON
12,2026-05-19 17:00:14.701,29.7,0.91,4.711,3313,187.89,1.29,1413,2220,1634,5713,ON
13,2026-05-19 17:00:15.201,29.8,0.93,4.706,3278,187.79,1.39,1426,2239,1647,5862,ON
14,2026-05-19 17:00:15.701,29.8,0.94,4.700,3247,187.71,1.47,1438,2254,1658,5793,ON
15,2026-05-19 17:00:16.201,29.8,0.95,4.701,3219,187.62,1.56,1431,2248,1653,5700,ON
16,2026-05-19 17:00:16.701,29.8,0.92,4.713,3193,187.53,1.65,1425,2239,1648,5823,ON
17,2026-05-19 17:00:17.201,29.8,0.91,4.692,3171,187.46,1.72,1435,2247,1653,5842,ON
18,2026-05-19 17:00:17.701,29.8,0.91,4.708,3152,187.37,1.82,1431,2243,1650,5723,ON
19,2026-05-19 17:00:18.201,29.8,0.91,4.721,3136,187.28,1.90,1424,2228,1640,5850,ON
20,2026-05-19 17:00:18.701,29.8,0.93,4.701,3124,187.18,2.00,1426,2236,1645,5821,ON
21,2026-05-19 17:00:19.201,29.8,0.96,4.693,3114,187.11,2.08,1433,2246,1652,5747,ON
22,2026-05-19 17:00:19.701,29.8,0.98,4.692,3107,187.02,2.16,1430,2241,1649,5741,ON
23,2026-05-19 17:00:20.201,29.9,1.00,4.693,3103,186.94,2.25,1434,2247,1653,5850,ON
24,2026-05-19 17:00:20.701,29.9,1.00,4.696,3100,186.85,2.33,1437,2252,1657,5830,ON
25,2026-05-19 17:00:21.201,29.9,1.01,4.690,3099,186.76,2.42,1436,2255,1660,5762,ON
26,2026-05-19 17:00:21.701,29.9,1.03,4.694,3101,186.68,2.50,1429,2241,1651,5934,ON
27,2026-05-19 17:00:22.201,29.9,1.04,4.676,3104,186.59,2.59,1441,2256,1661,5868,ON
28,2026-05-19 17:00:22.701,29.9,1.08,4.675,3109,186.51,2.68,1443,2260,1663,5841,ON
29,2026-05-19 17:00:23.201,29.9,1.11,4.677,3116,186.42,2.77,1433,2248,1659,5776,ON
30,2026-05-19 17:00:23.701,29.9,1.13,4.679,3124,186.32,2.87,1433,2245,1662,5834,ON
31,2026-05-19 17:00:24.201,29.9,1.14,4.643,3135,186.23,2.95,1437,2240,1654,5845,ON
32,2026-05-19 17:00:24.701,29.9,1.16,4.680,3147,186.15,3.04,1434,2247,1656,5725,ON
33,2026-05-19 17:00:25.201,29.9,1.16,4.669,3158,186.06,3.12,1438,2260,1666,5802,ON
34,2026-05-19 17:00:25.701,29.9,1.18,4.682,3171,185.98,3.21,1438,2258,1669,5743,ON
35,2026-05-19 17:00:26.201,30.0,1.17,4.668,3184,185.89,3.29,1444,2262,1669,5901,ON
36,2026-05-19 17:00:26.701,30.0,1.19,4.655,3198,185.80,3.38,1452,2273,1675,5906,ON
37,2026-05-19 17:00:27.201,30.0,1.23,4.676,3214,185.71,3.47,1453,2273,1673,5808,ON
38,2026-05-19 17:00:27.701,30.0,1.24,4.656,3233,185.63,3.55,1445,2259,1663,5813,ON
39,2026-05-19 17:00:28.201,30.0,1.22,4.681,3254,185.55,3.63,1438,2252,1659,5966,ON
40,2026-05-19 17:00:28.701,30.0,1.20,4.675,3275,185.46,3.72,1450,2269,1670,5864,ON
41,2026-05-19 17:00:29.201,30.0,1.20,4.650,3294,185.38,3.81,1449,2265,1668,5769,ON
42,2026-05-19 17:00:29.701,30.0,1.21,4.666,3313,185.29,3.89,1449,2259,1664,5913,ON
43,2026-05-19 17:00:30.201,30.0,1.22,4.669,3333,185.20,3.98,1455,2272,1673,5856,ON
44,2026-05-19 17:00:30.701,30.1,1.24,4.658,3358,185.12,4.07,1455,2274,1674,5832,ON
45,2026-05-19 17:00:31.201,30.1,1.27,4.653,3381,185.03,4.15,1449,2264,1668,5930,ON
46,2026-05-19 17:00:31.701,30.1,1.30,4.598,3403,184.95,4.23,1457,2276,1675,5994,ON
47,2026-05-19 17:00:32.201,30.1,1.31,4.664,3426,184.86,4.32,1455,2274,1674,5712,ON
48,2026-05-19 17:00:32.701,30.1,1.33,4.641,3451,184.77,4.41,1447,2260,1665,5864,ON
49,2026-05-19 17:00:33.201,30.1,1.35,4.651,3477,184.69,4.50,1447,2259,1665,5925,ON
50,2026-05-19 17:00:33.701,30.1,1.36,4.648,3507,184.60,4.58,1455,2271,1673,5930,ON
51,2026-05-19 17:00:34.201,30.1,1.37,4.649,3535,184.52,4.67,1454,2272,1673,5875,ON
52,2026-05-19 17:00:34.701,30.1,1.37,4.623,3562,184.43,4.75,1453,2274,1675,5955,ON
53,2026-05-19 17:00:35.201,30.2,1.40,4.641,3585,184.35,4.83,1453,2274,1676,5875,ON
54,2026-05-19 17:00:35.701,30.2,1.41,4.647,3607,184.26,4.92,1446,2259,1665,5787,ON
55,2026-05-19 17:00:36.201,30.2,1.41,4.637,3634,184.17,5.01,1446,2258,1664,5864,ON
56,2026-05-19 17:00:36.701,30.2,1.41,4.647,3662,184.09,5.09,1453,2269,1672,5821,ON
57,2026-05-19 17:00:37.201,30.2,1.42,4.629,3688,184.00,5.18,1447,2264,1669,5867,ON
58,2026-05-19 17:00:37.701,30.2,1.44,4.636,3714,183.91,5.27,1447,2265,1670,5946,ON
59,2026-05-19 17:00:38.201,30.2,1.46,4.655,3741,183.83,5.35,1454,2271,1674,5964,ON
60,2026-05-19 17:00:38.701,30.2,1.46,4.636,3772,183.75,5.43,1460,2277,1678,5836,ON
61,2026-05-19 17:00:39.201,30.2,1.47,4.637,3805,183.66,5.53,1462,2280,1681,5916,ON
62,2026-05-19 17:00:39.701,30.2,1.47,4.650,3838,183.57,5.61,1466,2286,1684,5830,ON
63,2026-05-19 17:00:40.201,30.2,1.47,4.638,3870,183.48,5.70,1456,2274,1677,5838,ON
64,2026-05-19 17:00:40.701,30.3,1.47,4.640,3901,183.40,5.79,1461,2281,1682,5963,ON
65,2026-05-19 17:00:41.201,30.3,1.46,4.655,3932,183.31,5.87,1471,2294,1690,5972,ON
66,2026-05-19 17:00:41.701,30.3,1.44,4.637,3960,183.23,5.95,1467,2285,1684,5839,ON
67,2026-05-19 17:00:42.201,30.3,1.45,4.620,3987,183.14,6.04,1456,2271,1674,5974,ON
68,2026-05-19 17:00:42.701,30.3,1.46,4.632,4016,183.06,6.13,1461,2281,1681,5978,ON
69,2026-05-19 17:00:43.201,30.3,1.46,4.641,4046,182.97,6.21,1460,2278,1680,5807,ON
70,2026-05-19 17:00:43.701,30.3,1.47,4.622,4074,182.88,6.30,1455,2268,1672,5828,ON
71,2026-05-19 17:00:44.201,30.4,1.52,4.619,4105,182.80,6.38,1455,2268,1671,5856,ON
72,2026-05-19 17:00:44.701,30.4,1.55,4.635,4135,182.70,6.48,1462,2282,1682,5907,ON
73,2026-05-19 17:00:45.201,30.4,1.56,4.620,4166,182.63,6.56,1461,2282,1682,5810,ON
74,2026-05-19 17:00:45.701,30.4,1.57,4.628,4197,182.55,6.63,1459,2277,1679,5958,ON
75,2026-05-19 17:00:46.201,30.4,1.56,4.629,4225,182.46,6.72,1464,2283,1683,5900,ON
76,2026-05-19 17:00:46.701,30.4,1.56,4.623,4255,182.37,6.81,1464,2281,1681,5936,ON
77,2026-05-19 17:00:47.201,30.4,1.57,4.616,4287,182.28,6.90,1460,2285,1684,5936,ON
78,2026-05-19 17:00:47.701,30.4,1.60,4.634,4321,182.20,6.99,1457,2284,1683,5903,ON
79,2026-05-19 17:00:48.201,30.4,1.58,4.619,4357,182.11,7.07,1459,2280,1681,5929,ON
80,2026-05-19 17:00:48.701,30.4,1.58,4.607,4389,182.01,7.17,1468,2289,1687,5966,ON
81,2026-05-19 17:00:49.201,30.4,1.63,4.613,4421,181.93,7.26,1475,2294,1690,5847,ON
82,2026-05-19 17:00:49.701,30.4,1.65,4.606,4451,181.84,7.34,1465,2281,1681,5831,ON
83,2026-05-19 17:00:50.201,30.5,1.66,4.601,4480,181.76,7.43,1467,2286,1685,5937,ON
84,2026-05-19 17:00:50.701,30.5,1.68,4.591,4511,181.67,7.51,1472,2294,1691,5894,ON
85,2026-05-19 17:00:51.201,30.5,1.71,4.592,4540,181.58,7.61,1467,2284,1683,5884,ON
86,2026-05-19 17:00:51.701,30.5,1.75,4.608,4568,181.49,7.69,1464,2278,1678,5936,ON
87,2026-05-19 17:00:52.201,30.5,1.77,4.591,4597,181.41,7.77,1469,2285,1684,5985,ON
88,2026-05-19 17:00:52.701,30.5,1.78,4.606,4630,181.33,7.86,1465,2283,1684,5882,ON
89,2026-05-19 17:00:53.201,30.5,1.78,4.602,4665,181.24,7.94,1461,2278,1680,5880,ON
90,2026-05-19 17:00:53.701,30.5,1.77,4.599,4697,181.15,8.03,1466,2283,1683,5951,ON
91,2026-05-19 17:00:54.201,30.5,1.77,4.600,4727,181.06,8.12,1472,2293,1689,5894,ON
92,2026-05-19 17:00:54.701,30.5,1.79,4.569,4758,180.98,8.20,1467,2285,1684,5892,ON
93,2026-05-19 17:00:55.201,30.6,1.82,4.587,4794,180.89,8.29,1471,2290,1688,6000,ON
94,2026-05-19 17:00:55.701,30.6,1.83,4.588,4828,180.81,8.37,1478,2300,1695,5976,ON
95,2026-05-19 17:00:56.201,30.6,1.80,4.603,4863,180.72,8.46,1469,2286,1692,5845,ON
96,2026-05-19 17:00:56.701,30.6,1.79,4.591,4897,180.64,8.54,1461,2287,1693,5972,ON
97,2026-05-19 17:00:57.201,30.6,1.80,4.565,4929,180.55,8.63,1460,2288,1690,5900,ON
98,2026-05-19 17:00:57.701,30.6,1.83,4.586,4958,180.47,8.71,1461,2282,1685,6000,ON
99,2026-05-19 17:00:58.201,30.6,1.83,4.596,4985,180.38,8.80,1471,2291,1690,5959,ON
100,2026-05-19 17:00:58.701,30.6,1.83,4.588,5012,180.29,8.89,1475,2295,1693,5817,ON
101,2026-05-19 17:00:59.201,30.6,1.83,4.571,5042,180.21,8.97,1469,2287,1688,5938,ON
102,2026-05-19 17:00:59.701,30.6,1.85,4.579,5075,180.12,9.06,1474,2294,1692,6013,ON
103,2026-05-19 17:01:00.201,30.7,1.87,4.574,5105,180.04,9.14,1479,2299,1695,5955,ON
104,2026-05-19 17:01:00.701,30.7,1.90,4.573,5137,179.95,9.23,1475,2295,1692,5912,ON
105,2026-05-19 17:01:01.201,30.7,1.88,4.589,5170,179.86,9.32,1468,2287,1687,5992,ON
106,2026-05-19 17:01:01.701,30.7,1.88,4.577,5201,179.78,9.40,1476,2300,1696,6004,ON
107,2026-05-19 17:01:02.201,30.7,1.90,4.581,5229,179.69,9.49,1476,2299,1695,5866,ON
108,2026-05-19 17:01:02.701,30.7,1.91,4.574,5260,179.61,9.57,1473,2292,1689,5931,ON
109,2026-05-19 17:01:03.201,30.7,1.92,4.558,5290,179.52,9.66,1474,2293,1691,5959,ON
110,2026-05-19 17:01:03.701,30.7,1.95,4.573,5319,179.43,9.75,1478,2298,1694,5893,ON
111,2026-05-19 17:01:04.201,30.7,1.95,4.587,5353,179.34,9.84,1482,2303,1699,5957,ON
112,2026-05-19 17:01:04.701,30.7,1.94,4.557,5387,179.26,9.92,1476,2301,1697,5867,ON
113,2026-05-19 17:01:05.201,30.7,1.97,4.563,5420,179.18,10.01,1468,2286,1687,5844,ON
114,2026-05-19 17:01:05.701,30.7,1.99,4.564,5454,179.09,10.09,1470,2286,1686,5959,ON
115,2026-05-19 17:01:06.201,30.7,2.00,4.583,5490,179.00,10.18,1474,2293,1692,5957,ON
116,2026-05-19 17:01:06.701,30.8,2.03,4.553,5525,178.92,10.26,1475,2297,1695,5860,ON
117,2026-05-19 17:01:07.201,30.8,2.03,4.576,5561,178.84,10.35,1478,2300,1697,6033,ON
118,2026-05-19 17:01:07.701,30.8,2.03,4.559,5595,178.75,10.43,1490,2313,1706,5994,ON
119,2026-05-19 17:01:08.201,30.8,2.04,4.578,5627,178.66,10.52,1484,2305,1700,5915,ON
120,2026-05-19 17:01:08.701,30.8,2.00,4.552,5659,178.58,10.60,1477,2294,1692,5991,ON
121,2026-05-19 17:01:09.201,30.8,2.00,4.568,5691,178.49,10.70,1482,2304,1699,6073,ON
122,2026-05-19 17:01:09.701,30.8,2.03,4.556,5721,178.41,10.78,1482,2305,1701,5969,ON
123,2026-05-19 17:01:10.201,30.8,2.05,4.551,5753,178.32,10.86,1479,2301,1698,5950,ON
124,2026-05-19 17:01:10.701,30.8,2.07,4.521,5786,178.23,10.96,1483,2303,1699,6012,ON
125,2026-05-19 17:01:11.201,30.9,2.11,4.530,5816,178.15,11.04,1489,2308,1702,5957,ON
126,2026-05-19 17:01:11.701,30.9,2.12,4.555,5846,178.06,11.12,1482,2303,1700,5943,ON
127,2026-05-19 17:01:12.201,30.9,2.12,4.553,5877,177.97,11.21,1489,2312,1706,6050,ON
128,2026-05-19 17:01:12.701,30.9,2.12,4.556,5908,177.89,11.29,1493,2318,1710,5895,ON
129,2026-05-19 17:01:13.201,30.9,2.11,4.554,5939,177.80,11.38,1487,2311,1706,5983,ON
130,2026-05-19 17:01:13.701,30.9,2.12,4.552,5968,177.72,11.46,1491,2314,1707,6016,ON
131,2026-05-19 17:01:14.201,30.9,2.11,4.549,5998,177.63,11.55,1488,2309,1703,5938,ON
132,2026-05-19 17:01:14.701,30.9,2.12,4.546,6028,177.54,11.64,1480,2299,1696,6034,ON
133,2026-05-19 17:01:15.201,30.9,2.13,4.524,6060,177.45,11.73,1489,2315,1708,6081,ON
134,2026-05-19 17:01:15.701,30.9,2.14,4.546,6093,177.37,11.81,1493,2318,1711,5915,ON
135,2026-05-19 17:01:16.201,30.9,2.14,4.562,6127,177.28,11.90,1486,2307,1702,5946,ON
136,2026-05-19 17:01:16.701,30.9,2.13,4.539,6161,177.20,11.98,1483,2304,1700,5971,ON
137,2026-05-19 17:01:17.201,30.9,2.15,4.542,6197,177.11,12.07,1485,2309,1704,5922,ON
138,2026-05-19 17:01:17.701,30.9,2.17,4.538,6231,177.02,12.16,1477,2297,1696,5932,ON
139,2026-05-19 17:01:18.201,31.0,2.19,4.515,6263,176.94,12.24,1479,2298,1697,6004,ON
140,2026-05-19 17:01:18.701,31.0,2.22,4.539,6296,176.85,12.33,1489,2310,1705,6053,ON
141,2026-05-19 17:01:19.201,31.0,2.22,4.561,6329,176.75,12.43,1484,2304,1710,5888,ON
142,2026-05-19 17:01:19.701,31.0,2.21,4.537,6361,176.67,12.52,1473,2298,1708,6042,ON
143,2026-05-19 17:01:20.201,31.0,2.21,4.527,6392,176.58,12.60,1477,2302,1706,5979,ON
144,2026-05-19 17:01:20.701,31.0,2.25,4.528,6427,176.49,12.69,1479,2303,1704,6017,ON
145,2026-05-19 17:01:21.201,31.0,2.27,4.515,6461,176.41,12.77,1487,2312,1709,5959,ON
146,2026-05-19 17:01:21.701,31.0,2.28,4.533,6496,176.32,12.86,1487,2310,1711,5946,ON
147,2026-05-19 17:01:22.201,31.0,2.28,4.527,6528,176.24,12.95,1483,2302,1703,6043,ON
148,2026-05-19 17:01:22.701,31.1,2.28,4.527,6559,176.15,13.03,1491,2316,1712,6052,ON
149,2026-05-19 17:01:23.201,31.1,2.29,4.540,6588,176.07,13.12,1496,2320,1714,5977,ON
150,2026-05-19 17:01:23.701,31.1,2.30,4.530,6616,175.98,13.20,1492,2313,1708,5892,ON
151,2026-05-19 17:01:24.201,31.1,2.30,4.520,6648,175.89,13.29,1490,2312,1706,5990,ON
152,2026-05-19 17:01:24.701,31.1,2.32,4.520,6682,175.81,13.37,1499,2324,1715,6067,ON
153,2026-05-19 17:01:25.201,31.1,2.33,4.488,6717,175.72,13.46,1500,2326,1718,6005,ON
154,2026-05-19 17:01:25.701,31.1,2.33,4.544,6749,175.63,13.55,1496,2321,1714,6009,ON
155,2026-05-19 17:01:26.201,31.1,2.35,4.517,6779,175.55,13.63,1494,2317,1711,6012,ON
156,2026-05-19 17:01:26.701,31.1,2.35,4.528,6808,175.46,13.72,1493,2318,1712,5951,ON
157,2026-05-19 17:01:27.201,31.1,2.36,4.514,6840,175.38,13.80,1488,2312,1708,6035,ON
158,2026-05-19 17:01:27.701,31.1,2.40,4.507,6872,175.29,13.89,1497,2323,1715,6060,ON
159,2026-05-19 17:01:28.201,31.2,2.41,4.523,6903,175.20,13.98,1496,2322,1715,5989,ON
160,2026-05-19 17:01:28.701,31.2,2.39,4.492,6935,175.12,14.06,1486,2307,1705,5980,ON
161,2026-05-19 17:01:29.201,31.2,2.43,4.501,6965,175.04,14.14,1493,2316,1707,6074,ON
162,2026-05-19 17:01:29.701,31.2,2.45,4.505,6992,174.95,14.23,1503,2330,1709,5971,ON
163,2026-05-19 17:01:30.201,31.2,2.46,4.512,7023,174.86,14.32,1495,2319,1709,5928,ON
164,2026-05-19 17:01:30.701,31.2,2.45,4.492,7058,174.78,14.41,1494,2317,1713,6036,ON
165,2026-05-19 17:01:31.201,31.2,2.44,4.506,7091,174.69,14.49,1496,2321,1714,5953,ON
166,2026-05-19 17:01:31.701,31.2,2.43,4.504,7122,174.60,14.58,1492,2315,1711,6033,ON
167,2026-05-19 17:01:32.201,31.2,2.45,4.500,7151,174.52,14.66,1497,2321,1715,6019,ON
168,2026-05-19 17:01:32.701,31.2,2.48,4.501,7184,174.43,14.75,1499,2322,1715,5941,ON
169,2026-05-19 17:01:33.201,31.2,2.50,4.484,7219,174.35,14.83,1492,2314,1709,5974,ON
170,2026-05-19 17:01:33.701,31.2,2.51,4.502,7253,174.26,14.92,1488,2310,1706,5945,ON
171,2026-05-19 17:01:34.201,31.2,2.51,4.486,7285,174.17,15.01,1495,2319,1713,6018,ON
172,2026-05-19 17:01:34.701,31.2,2.54,4.480,7316,174.09,15.09,1496,2320,1714,6035,ON
173,2026-05-19 17:01:35.201,31.2,2.57,4.479,7344,174.00,15.18,1500,2324,1717,6039,ON
174,2026-05-19 17:01:35.701,31.2,2.59,4.486,7376,173.92,15.26,1503,2326,1718,6070,ON
175,2026-05-19 17:01:36.201,31.3,2.61,4.499,7413,173.83,15.35,1499,2322,1716,6022,ON
176,2026-05-19 17:01:36.701,31.3,2.59,4.498,7451,173.74,15.44,1499,2325,1718,6096,ON
177,2026-05-19 17:01:37.201,31.3,2.60,4.486,7486,173.66,15.52,1507,2338,1727,6071,ON
178,2026-05-19 17:01:37.701,31.3,2.62,4.498,7521,173.58,15.60,1502,2327,1718,5919,ON
179,2026-05-19 17:01:38.201,31.3,2.58,4.506,7553,173.48,15.70,1498,2320,1713,6032,ON
180,2026-05-19 17:01:38.701,31.3,2.57,4.494,7587,173.40,15.79,1499,2323,1716,5976,ON
181,2026-05-19 17:01:39.201,31.3,2.57,4.490,7620,173.32,15.87,1498,2324,1717,6019,ON
182,2026-05-19 17:01:39.701,31.3,2.59,4.488,7648,173.23,15.95,1495,2323,1717,6089,ON
183,2026-05-19 17:01:40.201,31.3,2.62,4.492,7677,173.14,16.04,1506,2334,1726,6194,ON
184,2026-05-19 17:01:40.701,31.4,2.64,4.483,7709,173.05,16.13,1508,2336,1728,6066,ON
185,2026-05-19 17:01:41.201,31.4,2.65,4.491,7743,172.96,16.22,1508,2334,1726,6114,ON
186,2026-05-19 17:01:41.701,31.4,2.63,4.445,7773,172.88,16.30,1509,2336,1726,6074,ON
187,2026-05-19 17:01:42.201,31.4,2.69,4.460,7804,172.79,16.39,1506,2334,1725,6042,ON
188,2026-05-19 17:01:42.701,31.4,2.70,4.493,7833,172.70,16.48,1506,2336,1726,6078,ON
189,2026-05-19 17:01:43.201,31.4,2.67,4.481,7865,172.63,16.56,1510,2341,1729,5980,ON
190,2026-05-19 17:01:43.701,31.4,2.67,4.464,7900,172.53,16.65,1498,2349,1734,6126,ON
191,2026-05-19 17:01:44.201,31.4,2.69,4.471,7933,172.44,16.75,1500,2345,1732,5930,ON
192,2026-05-19 17:01:44.701,31.4,2.69,4.490,7966,172.35,16.83,1488,2317,1710,5998,ON
193,2026-05-19 17:01:45.201,31.4,2.67,4.479,8001,172.27,16.92,1492,2321,1714,6044,ON
194,2026-05-19 17:01:45.701,31.4,2.67,4.468,8033,172.18,17.00,1501,2330,1721,5979,ON
195,2026-05-19 17:01:46.201,31.4,2.71,4.484,8066,172.09,17.09,1496,2322,1716,6004,ON
196,2026-05-19 17:01:46.701,31.5,2.70,4.469,8098,172.01,17.17,1500,2326,1720,6109,ON
197,2026-05-19 17:01:47.201,31.5,2.72,4.468,8129,171.92,17.26,1513,2341,1729,6105,ON
198,2026-05-19 17:01:47.701,31.5,2.74,4.468,8157,171.84,17.34,1517,2347,1733,6053,ON
199,2026-05-19 17:01:48.201,31.5,2.76,4.467,8188,171.75,17.43,1517,2349,1733,6115,ON
200,2026-05-19 17:01:48.701,31.5,2.75,4.475,8220,171.66,17.52,1505,2333,1724,5964,ON
201,2026-05-19 17:01:49.201,31.5,2.74,4.457,8256,171.58,17.60,1498,2321,1716,6110,ON
202,2026-05-19 17:01:49.701,31.5,2.78,4.457,8293,171.49,17.69,1511,2339,1728,6111,ON
203,2026-05-19 17:01:50.201,31.5,2.81,4.443,8332,171.40,17.78,1518,2349,1734,6005,ON
204,2026-05-19 17:01:50.701,31.5,2.81,4.468,8369,171.32,17.86,1507,2333,1724,6012,ON
205,2026-05-19 17:01:51.201,31.5,2.82,4.461,8401,171.23,17.95,1513,2343,1731,6152,ON
206,2026-05-19 17:01:51.701,31.5,2.84,4.449,8428,171.14,18.04,1520,2354,1738,6110,ON
207,2026-05-19 17:01:52.201,31.6,2.86,4.465,8456,171.05,18.13,1519,2352,1737,6085,ON
208,2026-05-19 17:01:52.701,31.6,2.85,4.486,8487,170.98,18.20,1514,2346,1732,6161,ON
209,2026-05-19 17:01:53.201,31.6,2.84,4.455,8519,170.89,18.29,1519,2354,1739,6087,ON
210,2026-05-19 17:01:53.701,31.6,2.83,4.467,8549,170.81,18.37,1511,2341,1730,6002,ON
211,2026-05-19 17:01:54.201,31.6,2.81,4.449,8583,170.73,18.46,1505,2329,1722,6097,ON
212,2026-05-19 17:01:54.701,31.6,2.85,4.459,8616,170.64,18.55,1513,2340,1728,6030,ON
213,2026-05-19 17:01:55.201,31.6,2.87,4.451,8647,170.55,18.64,1510,2337,1726,5951,ON
214,2026-05-19 17:01:55.701,31.6,2.89,4.451,8679,170.46,18.72,1511,2340,1729,6080,ON
215,2026-05-19 17:01:56.201,31.6,2.88,4.443,8714,170.37,18.81,1518,2351,1737,6204,ON
216,2026-05-19 17:01:56.701,31.6,2.92,4.429,8746,170.29,18.90,1522,2357,1742,6116,ON
217,2026-05-19 17:01:57.201,31.6,2.94,4.445,8773,170.21,18.98,1520,2354,1739,6111,ON
218,2026-05-19 17:01:57.701,31.6,2.93,4.448,8805,170.12,19.06,1520,2354,1739,6132,ON
219,2026-05-19 17:01:58.201,31.7,2.93,4.436,8836,170.03,19.15,1517,2352,1738,6070,ON
220,2026-05-19 17:01:58.701,31.7,2.93,4.456,8868,169.94,19.24,1514,2348,1736,6062,ON
221,2026-05-19 17:01:59.201,31.7,2.95,4.407,8902,169.86,19.33,1521,2356,1741,6159,ON
222,2026-05-19 17:01:59.701,31.7,3.01,4.423,8937,169.77,19.41,1528,2366,1748,5979,ON
223,2026-05-19 17:02:00.201,31.7,3.04,4.426,8974,169.69,19.50,1513,2345,1733,6010,ON
224,2026-05-19 17:02:00.701,31.7,3.02,4.444,9007,169.60,19.58,1515,2347,1735,6227,ON
225,2026-05-19 17:02:01.201,31.7,3.00,4.428,9038,169.51,19.67,1525,2362,1746,6198,ON
226,2026-05-19 17:02:01.701,31.7,3.02,4.435,9068,169.43,19.75,1527,2365,1749,6178,ON
227,2026-05-19 17:02:02.201,31.7,3.04,4.425,9101,169.34,19.84,1530,2369,1750,6187,ON
228,2026-05-19 17:02:02.701,31.7,3.05,4.432,9137,169.25,19.93,1524,2358,1742,6060,ON
229,2026-05-19 17:02:03.201,31.7,3.04,4.412,9174,169.17,20.01,1517,2346,1733,6136,ON
230,2026-05-19 17:02:03.701,31.7,3.07,4.426,9210,169.09,20.09,1522,2355,1740,6167,ON
231,2026-05-19 17:02:04.201,31.7,3.07,4.433,9241,169.00,20.18,1529,2367,1749,6026,ON
232,2026-05-19 17:02:04.701,31.7,3.07,4.416,9274,168.90,20.28,1515,2344,1732,6019,ON
233,2026-05-19 17:02:05.201,31.7,3.10,4.420,9309,168.82,20.36,1512,2337,1727,6064,ON
234,2026-05-19 17:02:05.701,31.7,3.10,4.433,9344,168.73,20.45,1517,2346,1734,6075,ON
235,2026-05-19 17:02:06.201,31.7,3.11,4.415,9378,168.65,20.53,1511,2339,1730,6035,ON
236,2026-05-19 17:02:06.701,31.8,3.11,4.432,9411,168.56,20.62,1511,2341,1731,6229,ON
237,2026-05-19 17:02:07.201,31.8,3.10,4.410,9443,168.47,20.71,1526,2363,1747,6203,ON
238,2026-05-19 17:02:07.701,31.8,3.13,4.412,9474,168.40,20.79,1526,2362,1746,6073,ON
239,2026-05-19 17:02:08.201,31.8,3.16,4.412,9506,168.31,20.87,1519,2351,1738,6108,ON
240,2026-05-19 17:02:08.701,31.8,3.16,4.421,9536,168.22,20.96,1522,2355,1741,6166,ON
241,2026-05-19 17:02:09.201,31.8,3.16,4.420,9566,168.13,21.05,1530,2365,1748,6045,ON
242,2026-05-19 17:02:09.701,31.8,3.18,4.404,9596,168.04,21.14,1517,2347,1736,6115,ON
243,2026-05-19 17:02:10.201,31.8,3.18,4.417,9625,167.96,21.22,1524,2356,1741,6155,ON
244,2026-05-19 17:02:10.701,31.8,3.18,4.412,9655,167.87,21.31,1529,2363,1746,6030,ON
245,2026-05-19 17:02:11.201,31.8,3.18,4.416,9684,167.77,21.41,1517,2344,1733,6031,ON
246,2026-05-19 17:02:11.701,31.9,3.16,4.406,9716,167.69,21.50,1514,2339,1731,6167,ON
247,2026-05-19 17:02:12.201,31.9,3.18,4.400,9749,167.61,21.57,1527,2360,1745,6185,ON
248,2026-05-19 17:02:12.701,31.9,3.19,4.408,9779,167.51,21.67,1533,2370,1752,6071,ON
249,2026-05-19 17:02:13.201,31.9,3.21,4.426,9811,167.42,21.76,1532,2374,1755,6158,ON
250,2026-05-19 17:02:13.701,31.9,3.20,4.407,9844,167.34,21.84,1523,2366,1749,6096,ON
251,2026-05-19 17:02:14.201,31.9,3.21,4.410,9879,167.26,21.93,1519,2353,1740,6151,ON
252,2026-05-19 17:02:14.701,31.9,3.21,4.386,9915,167.17,22.01,1526,2361,1747,6137,ON
253,2026-05-19 17:02:15.201,31.9,3.27,4.397,9946,167.08,22.10,1533,2368,1751,6089,ON
254,2026-05-19 17:02:15.701,31.9,3.29,4.385,9975,167.00,22.19,1526,2358,1744,6003,ON
255,2026-05-19 17:02:16.201,31.9,3.30,4.388,10007,166.91,22.27,1526,2359,1744,6141,ON
256,2026-05-19 17:02:16.701,31.9,3.33,4.402,10042,166.83,22.35,1532,2367,1750,6224,ON
257,2026-05-19 17:02:17.201,31.9,3.36,4.373,10084,166.74,22.44,1536,2374,1755,6178,ON
258,2026-05-19 17:02:17.701,31.9,3.40,4.374,10120,166.65,22.53,1533,2370,1752,6207,ON
259,2026-05-19 17:02:18.201,31.9,3.38,4.399,10150,166.57,22.61,1533,2370,1752,6141,ON
260,2026-05-19 17:02:18.701,31.9,3.35,4.368,10179,166.48,22.70,1529,2363,1747,6071,ON
261,2026-05-19 17:02:19.201,31.9,3.36,4.387,10212,166.39,22.79,1526,2357,1743,6168,ON
262,2026-05-19 17:02:19.701,32.0,3.37,4.389,10241,166.31,22.87,1534,2369,1751,6178,ON
263,2026-05-19 17:02:20.201,32.0,3.37,4.396,10269,166.22,22.96,1537,2374,1755,6006,ON
264,2026-05-19 17:02:20.701,32.0,3.35,4.406,10296,166.14,23.04,1525,2355,1742,6157,ON
265,2026-05-19 17:02:21.201,32.0,3.33,4.398,10325,166.05,23.13,1528,2361,1746,6244,ON
266,2026-05-19 17:02:21.701,32.0,3.34,4.397,10359,165.96,23.22,1537,2373,1754,6123,ON
267,2026-05-19 17:02:22.201,32.0,3.33,4.397,10393,165.88,23.30,1534,2368,1751,6191,ON
268,2026-05-19 17:02:22.701,32.0,3.33,4.384,10423,165.79,23.39,1540,2375,1756,6208,ON
269,2026-05-19 17:02:23.201,32.0,3.33,4.395,10447,165.70,23.48,1535,2368,1751,6095,ON
270,2026-05-19 17:02:23.701,32.0,3.33,4.386,10473,165.62,23.56,1526,2356,1742,6190,ON
271,2026-05-19 17:02:24.201,32.0,3.36,4.386,10503,165.54,23.65,1537,2374,1756,6226,ON
272,2026-05-19 17:02:24.701,32.1,3.37,4.383,10534,165.45,23.74,1545,2386,1765,6123,ON
273,2026-05-19 17:02:25.201,32.1,3.38,4.406,10565,165.36,23.82,1538,2375,1756,6068,ON
274,2026-05-19 17:02:25.701,32.1,3.40,4.378,10598,165.28,23.90,1538,2374,1756,6173,ON
275,2026-05-19 17:02:26.201,32.1,3.42,4.367,10628,165.20,23.98,1540,2377,1758,6153,ON
276,2026-05-19 17:02:26.701,32.1,3.44,4.369,10656,165.11,24.07,1537,2373,1756,6179,ON
277,2026-05-19 17:02:27.201,32.1,3.47,4.370,10685,165.01,24.17,1536,2374,1758,6279,ON
278,2026-05-19 17:02:27.701,32.1,3.46,4.383,10714,164.92,24.26,1549,2390,1769,6313,ON
279,2026-05-19 17:02:28.201,32.1,3.45,4.382,10741,164.84,24.34,1547,2387,1767,6182,ON
280,2026-05-19 17:02:28.701,32.1,3.45,4.373,10767,164.76,24.42,1542,2378,1760,6154,ON
281,2026-05-19 17:02:29.201,32.1,3.46,4.370,10793,164.66,24.52,1539,2373,1756,6191,ON
282,2026-05-19 17:02:29.701,32.1,3.46,4.376,10818,164.58,24.60,1542,2379,1761,6141,ON
283,2026-05-19 17:02:30.201,32.1,3.47,4.391,10847,164.49,24.69,1538,2372,1757,6111,ON
284,2026-05-19 17:02:30.701,32.2,3.49,4.376,10876,164.41,24.77,1541,2376,1766,6206,ON
285,2026-05-19 17:02:31.201,32.1,3.52,4.366,10906,164.33,24.86,1545,2380,1765,6071,ON
286,2026-05-19 17:02:31.701,32.2,3.53,4.367,10936,164.24,24.94,1540,2375,1759,6156,ON
287,2026-05-19 17:02:32.201,32.2,3.51,4.379,10970,164.15,25.03,1542,2376,1759,6192,ON
288,2026-05-19 17:02:32.701,32.2,3.50,4.371,11004,164.06,25.12,1544,2379,1760,6227,ON
289,2026-05-19 17:02:33.201,32.2,3.52,4.361,11033,163.98,25.20,1545,2381,1762,6196,ON
290,2026-05-19 17:02:33.701,32.2,3.52,4.372,11058,163.89,25.29,1550,2390,1769,6257,ON
291,2026-05-19 17:02:34.201,32.2,3.52,4.350,11082,163.81,25.37,1557,2401,1777,6141,ON
292,2026-05-19 17:02:34.701,32.2,3.52,4.376,11107,163.72,25.46,1547,2385,1766,6071,ON
293,2026-05-19 17:02:35.201,32.2,3.54,4.358,11133,163.63,25.55,1544,2381,1762,6322,ON
294,2026-05-19 17:02:35.701,32.2,3.57,4.356,11161,163.55,25.63,1560,2406,1779,6344,ON
295,2026-05-19 17:02:36.201,32.2,3.59,4.373,11190,163.46,25.72,1560,2408,1781,6200,ON
296,2026-05-19 17:02:36.701,32.2,3.58,4.375,11227,163.37,25.81,1555,2397,1774,6254,ON
297,2026-05-19 17:02:37.201,32.2,3.59,4.355,11261,163.28,25.90,1552,2392,1771,6224,ON
298,2026-05-19 17:02:37.701,32.2,3.61,4.364,11290,163.21,25.98,1548,2385,1766,6166,ON
299,2026-05-19 17:02:38.201,32.2,3.61,4.349,11318,163.12,26.06,1547,2384,1765,6195,ON
300,2026-05-19 17:02:38.701,32.2,3.64,4.351,11350,163.03,26.15,1555,2398,1775,6263,ON
301,2026-05-19 17:02:39.201,32.2,3.63,4.363,11383,162.95,26.24,1559,2405,1779,6102,ON
302,2026-05-19 17:02:39.701,32.3,3.62,4.355,11418,162.86,26.32,1544,2379,1761,6109,ON
303,2026-05-19 17:02:40.201,32.3,3.63,4.354,11448,162.77,26.41,1541,2385,1757,6320,ON
304,2026-05-19 17:02:40.701,32.3,3.63,4.355,11475,162.69,26.49,1552,2388,1758,6317,ON
305,2026-05-19 17:02:41.201,32.3,3.64,4.343,11499,162.60,26.58,1558,2383,1759,6259,ON
306,2026-05-19 17:02:41.701,32.3,3.67,4.349,11526,162.51,26.67,1565,2403,1776,6264,ON
307,2026-05-19 17:02:42.201,32.3,3.67,4.351,11556,162.43,26.76,1557,2396,1772,6152,ON
308,2026-05-19 17:02:42.701,32.3,3.67,4.354,11584,162.34,26.84,1549,2389,1768,6276,ON
309,2026-05-19 17:02:43.201,32.3,3.69,4.340,11611,162.26,26.92,1560,2405,1779,6300,ON
310,2026-05-19 17:02:43.701,32.3,3.72,4.336,11636,162.16,27.02,1567,2415,1786,6191,ON
311,2026-05-19 17:02:44.201,32.3,3.71,4.345,11663,162.07,27.11,1560,2402,1777,6184,ON
312,2026-05-19 17:02:44.701,32.3,3.71,4.351,11691,161.98,27.20,1564,2409,1782,6306,ON
313,2026-05-19 17:02:45.201,32.3,3.71,4.353,11720,161.90,27.28,1568,2416,1788,6213,ON
314,2026-05-19 17:02:45.701,32.4,3.71,4.324,11744,161.81,27.37,1560,2405,1779,6258,ON
315,2026-05-19 17:02:46.201,32.4,3.76,4.321,11767,161.74,27.44,1560,2404,1779,6306,ON
316,2026-05-19 17:02:46.701,32.4,3.79,4.344,11792,161.64,27.54,1563,2409,1783,6287,ON
317,2026-05-19 17:02:47.201,32.4,3.79,4.340,11814,161.56,27.62,1556,2397,1775,6167,ON
318,2026-05-19 17:02:47.701,32.4,3.78,4.325,11839,161.47,27.71,1556,2397,1775,6270,ON
319,2026-05-19 17:02:48.201,32.4,3.77,4.334,11867,161.38,27.80,1566,2411,1785,6286,ON
320,2026-05-19 17:02:48.701,32.4,3.79,4.326,11897,161.30,27.88,1565,2411,1784,6233,ON
321,2026-05-19 17:02:49.201,32.4,3.82,4.325,11925,161.21,27.97,1561,2404,1779,6244,ON
322,2026-05-19 17:02:49.701,32.4,3.82,4.331,11954,161.13,28.06,1565,2410,1784,6306,ON
323,2026-05-19 17:02:50.201,32.4,3.81,4.319,11980,161.05,28.13,1571,2419,1791,6246,ON
324,2026-05-19 17:02:50.701,32.4,3.82,4.329,12009,160.96,28.22,1566,2411,1786,6164,ON
325,2026-05-19 17:02:51.201,32.4,3.82,4.328,12038,160.87,28.31,1564,2407,1783,6246,ON
326,2026-05-19 17:02:51.701,32.4,3.82,4.324,12065,160.78,28.40,1564,2407,1783,6186,ON
327,2026-05-19 17:02:52.201,32.4,3.83,4.337,12099,160.70,28.48,1558,2398,1775,6219,ON
328,2026-05-19 17:02:52.701,32.4,3.81,4.328,12131,160.61,28.57,1563,2407,1782,6327,ON
329,2026-05-19 17:02:53.201,32.4,3.81,4.325,12162,160.52,28.66,1569,2417,1790,6296,ON
330,2026-05-19 17:02:53.701,32.4,3.83,4.329,12187,160.44,28.74,1569,2417,1790,6307,ON
331,2026-05-19 17:02:54.201,32.5,3.84,4.312,12209,160.35,28.83,1570,2419,1791,6317,ON
332,2026-05-19 17:02:54.701,32.5,3.85,4.350,12232,160.26,28.92,1567,2413,1786,6236,ON
333,2026-05-19 17:02:55.201,32.5,3.83,4.325,12252,160.18,29.00,1562,2406,1782,6252,ON
334,2026-05-19 17:02:55.701,32.5,3.84,4.315,12278,160.09,29.09,1568,2416,1788,6327,ON
335,2026-05-19 17:02:56.201,32.5,3.85,4.325,12303,160.01,29.17,1577,2429,1797,6263,ON
336,2026-05-19 17:02:56.701,32.5,3.86,4.325,12326,159.92,29.26,1568,2415,1788,6136,ON
337,2026-05-19 17:02:57.201,32.5,3.89,4.307,12352,159.83,29.35,1567,2413,1787,6296,ON
338,2026-05-19 17:02:57.701,32.5,3.92,4.309,12380,159.75,29.43,1575,2424,1796,6360,ON
339,2026-05-19 17:02:58.201,32.5,3.94,4.291,12416,159.66,29.52,1575,2423,1796,6249,ON
340,2026-05-19 17:02:58.701,32.5,3.96,4.316,12448,159.57,29.61,1568,2413,1788,6379,ON
341,2026-05-19 17:02:59.201,32.6,3.98,4.299,12477,159.49,29.70,1576,2427,1797,6352,ON
342,2026-05-19 17:02:59.701,32.6,4.01,4.301,12498,159.40,29.78,1574,2434,1801,6244,ON
343,2026-05-19 17:03:00.201,32.6,4.02,4.301,12518,159.31,29.87,1575,2438,1805,6338,ON
344,2026-05-19 17:03:00.701,32.6,4.02,4.314,12535,159.23,29.95,1577,2436,1802,6230,ON
345,2026-05-19 17:03:01.201,32.6,4.01,4.329,12553,159.15,30.03,1571,2420,1793,6355,ON
346,2026-05-19 17:03:01.701,32.6,4.02,4.297,12579,159.06,30.12,1579,2433,1802,6333,ON
347,2026-05-19 17:03:02.201,32.6,4.03,4.321,12602,158.97,30.21,1583,2438,1805,6397,ON
348,2026-05-19 17:03:02.701,32.6,3.98,4.292,12626,158.88,30.30,1576,2427,1797,6274,ON
349,2026-05-19 17:03:03.201,32.6,4.02,4.302,12648,158.80,30.38,1572,2421,1793,6356,ON
350,2026-05-19 17:03:03.701,32.6,4.04,4.307,12670,158.71,30.47,1580,2432,1801,6302,ON
351,2026-05-19 17:03:04.201,32.6,4.06,4.295,12695,158.63,30.55,1580,2432,1801,6282,ON
352,2026-05-19 17:03:04.701,32.6,4.07,4.297,12723,158.55,30.64,1581,2433,1803,6317,ON
353,2026-05-19 17:03:05.201,32.6,4.09,4.291,12758,158.46,30.72,1581,2433,1804,6265,ON
354,2026-05-19 17:03:05.701,32.6,4.10,4.281,12785,158.37,30.81,1573,2421,1795,6272,ON
355,2026-05-19 17:03:06.201,32.7,4.12,4.280,12809,158.28,30.90,1570,2416,1791,6404,ON
356,2026-05-19 17:03:06.701,32.7,4.10,4.299,12836,158.20,30.98,1585,2439,1807,6411,ON
357,2026-05-19 17:03:07.201,32.6,4.09,4.299,12861,158.11,31.07,1583,2437,1807,6295,ON
358,2026-05-19 17:03:07.701,32.6,4.11,4.287,12887,158.03,31.15,1577,2428,1800,6311,ON
359,2026-05-19 17:03:08.201,32.6,4.13,4.293,12914,157.94,31.24,1580,2433,1803,6354,ON
360,2026-05-19 17:03:08.701,32.7,4.16,4.268,12934,157.85,31.33,1584,2439,1807,6251,ON
361,2026-05-19 17:03:09.201,32.7,4.21,4.271,12951,157.77,31.41,1579,2431,1801,6243,ON
362,2026-05-19 17:03:09.701,32.7,4.23,4.297,12966,157.68,31.50,1579,2431,1800,6286,ON
363,2026-05-19 17:03:10.201,32.7,4.21,4.276,12985,157.59,31.59,1578,2430,1800,6289,ON
364,2026-05-19 17:03:10.701,32.7,4.17,4.299,13006,157.51,31.67,1575,2425,1796,6339,ON
365,2026-05-19 17:03:11.201,32.7,4.16,4.278,13028,157.43,31.75,1577,2427,1799,6383,ON
366,2026-05-19 17:03:11.701,32.7,4.17,4.271,13051,157.34,31.84,1586,2441,1809,6306,ON
367,2026-05-19 17:03:12.201,32.7,4.19,4.265,13071,157.26,31.92,1578,2430,1800,6251,ON
368,2026-05-19 17:03:12.701,32.7,4.19,4.283,13091,157.17,32.01,1577,2429,1800,6438,ON
369,2026-05-19 17:03:13.201,32.7,4.19,4.276,13114,157.08,32.10,1585,2441,1808,6370,ON
370,2026-05-19 17:03:13.701,32.7,4.20,4.249,13135,157.00,32.19,1587,2444,1811,6356,ON
371,2026-05-19 17:03:14.201,32.7,4.25,4.258,13159,156.91,32.27,1583,2437,1806,6357,ON
372,2026-05-19 17:03:14.701,32.7,4.24,4.282,13185,156.83,32.35,1582,2432,1802,6287,ON
373,2026-05-19 17:03:15.201,32.7,4.24,4.267,13208,156.74,32.45,1576,2425,1797,6295,ON
374,2026-05-19 17:03:15.701,32.7,4.28,4.258,13233,156.65,32.53,1580,2432,1801,6365,ON
375,2026-05-19 17:03:16.201,32.7,4.30,4.276,13256,156.57,32.61,1589,2446,1812,6470,ON
376,2026-05-19 17:03:16.701,32.7,4.28,4.267,13280,156.48,32.70,1583,2438,1806,6304,ON
377,2026-05-19 17:03:17.201,32.8,4.28,4.251,13304,156.39,32.79,1579,2432,1801,6389,ON
378,2026-05-19 17:03:17.701,32.8,4.33,4.253,13331,156.31,32.87,1583,2437,1806,6360,ON
379,2026-05-19 17:03:18.201,32.8,4.36,4.244,13354,156.22,32.96,1583,2436,1807,6295,ON
380,2026-05-19 17:03:18.701,32.8,4.38,4.270,13369,156.13,33.05,1585,2440,1810,6373,ON
381,2026-05-19 17:03:19.201,32.8,4.39,4.250,13385,156.05,33.13,1590,2448,1815,6326,ON
382,2026-05-19 17:03:19.701,32.8,4.39,4.262,13407,155.96,33.22,1586,2441,1810,6300,ON
383,2026-05-19 17:03:20.201,32.8,4.39,4.254,13432,155.87,33.31,1588,2443,1812,6459,ON
384,2026-05-19 17:03:20.701,32.8,4.37,4.273,13453,155.79,33.39,1597,2458,1822,6416,ON
385,2026-05-19 17:03:21.201,32.8,4.34,4.266,13475,155.71,33.47,1593,2452,1818,6325,ON
386,2026-05-19 17:03:21.701,32.8,4.36,4.260,13499,155.62,33.57,1586,2441,1810,6358,ON
387,2026-05-19 17:03:22.201,32.8,4.36,4.258,13524,155.53,33.65,1591,2448,1815,6403,ON
388,2026-05-19 17:03:22.701,32.9,4.39,4.238,13547,155.44,33.74,1596,2456,1820,6302,ON
389,2026-05-19 17:03:23.201,32.9,4.41,4.254,13569,155.36,33.82,1595,2454,1821,6364,ON
390,2026-05-19 17:03:23.701,32.9,4.39,4.262,13589,155.27,33.91,1596,2455,1822,6382,ON
391,2026-05-19 17:03:24.201,32.9,4.41,4.237,13606,155.19,33.99,1593,2450,1817,6256,ON
392,2026-05-19 17:03:24.701,32.9,4.42,4.264,13622,155.09,34.09,1586,2439,1810,6421,ON
393,2026-05-19 17:03:25.201,32.9,4.39,4.259,13639,155.00,34.18,1590,2445,1814,6429,ON
394,2026-05-19 17:03:25.701,32.9,4.39,4.253,13659,154.91,34.27,1599,2459,1823,6293,ON
395,2026-05-19 17:03:26.201,32.9,4.39,4.237,13681,154.83,34.35,1586,2437,1808,6366,ON
396,2026-05-19 17:03:26.701,32.9,4.41,4.251,13707,154.74,34.44,1588,2445,1814,6407,ON
397,2026-05-19 17:03:27.201,32.9,4.42,4.243,13727,154.66,34.53,1584,2439,1810,6289,ON
398,2026-05-19 17:03:27.701,32.9,4.42,4.253,13745,154.57,34.62,1584,2438,1809,6376,ON
399,2026-05-19 17:03:28.201,32.9,4.42,4.247,13762,154.49,34.69,1592,2450,1818,6423,ON
400,2026-05-19 17:03:28.701,32.9,4.44,4.232,13785,154.40,34.78,1597,2456,1823,6407,ON
401,2026-05-19 17:03:29.201,32.9,4.48,4.245,13808,154.30,34.88,1599,2458,1824,6419,ON
402,2026-05-19 17:03:29.701,32.9,4.49,4.245,13831,154.22,34.96,1600,2460,1826,6337,ON
403,2026-05-19 17:03:30.201,32.9,4.49,4.243,13853,154.14,35.04,1591,2446,1815,6323,ON
404,2026-05-19 17:03:30.701,33.0,4.50,4.256,13876,154.05,35.13,1585,2438,1809,6469,ON
405,2026-05-19 17:03:31.201,33.0,4.46,4.228,13901,153.96,35.22,1601,2463,1827,6364,ON
406,2026-05-19 17:03:31.701,33.0,4.47,4.252,13926,153.88,35.30,1595,2454,1820,6253,ON
407,2026-05-19 17:03:32.201,33.0,4.50,4.232,13947,153.79,35.39,1591,2446,1814,6342,ON
408,2026-05-19 17:03:32.701,33.0,4.53,4.230,13966,153.71,35.48,1593,2450,1817,6389,ON
409,2026-05-19 17:03:33.201,33.0,4.54,4.217,13986,153.62,35.56,1596,2454,1820,6386,ON
410,2026-05-19 17:03:33.701,33.0,4.58,4.219,14003,153.54,35.65,1596,2452,1820,6421,ON
411,2026-05-19 17:03:34.201,33.0,4.60,4.223,14022,153.45,35.73,1598,2457,1822,6409,ON
412,2026-05-19 17:03:34.701,33.0,4.61,4.223,14039,153.36,35.82,1598,2458,1822,6327,ON
413,2026-05-19 17:03:35.201,33.0,4.60,4.213,14053,153.28,35.90,1599,2460,1823,6448,ON
414,2026-05-19 17:03:35.701,33.0,4.63,4.221,14070,153.19,35.99,1599,2460,1824,6392,ON
415,2026-05-19 17:03:36.201,33.0,4.64,4.224,14090,153.11,36.07,1598,2458,1824,6300,ON
416,2026-05-19 17:03:36.701,33.0,4.65,4.208,14106,153.02,36.17,1592,2448,1817,6298,ON
417,2026-05-19 17:03:37.201,33.0,4.65,4.229,14130,152.94,36.24,1593,2450,1818,6394,ON
418,2026-05-19 17:03:37.701,33.0,4.63,4.218,14153,152.85,36.33,1590,2447,1816,6344,ON
419,2026-05-19 17:03:38.201,33.0,4.65,4.216,14176,152.77,36.42,1591,2448,1817,6402,ON
420,2026-05-19 17:03:38.701,33.1,4.67,4.227,14197,152.68,36.50,1596,2455,1822,6351,ON
421,2026-05-19 17:03:39.201,33.1,4.66,4.210,14216,152.59,36.59,1592,2448,1816,6340,ON
422,2026-05-19 17:03:39.701,33.1,4.66,4.228,14236,152.51,36.67,1588,2443,1813,6406,ON
423,2026-05-19 17:03:40.201,33.1,4.66,4.216,14251,152.42,36.76,1592,2451,1817,6468,ON
424,2026-05-19 17:03:40.701,33.1,4.68,4.231,14265,152.33,36.85,1598,2458,1824,6342,ON
425,2026-05-19 17:03:41.201,33.1,4.68,4.219,14277,152.26,36.93,1601,2461,1827,6412,ON
426,2026-05-19 17:03:41.701,33.1,4.70,4.213,14294,152.16,37.02,1602,2463,1829,6402,ON
427,2026-05-19 17:03:42.201,33.1,4.72,4.205,14312,152.08,37.10,1602,2464,1828,6327,ON
428,2026-05-19 17:03:42.701,33.1,4.74,4.193,14334,151.99,37.19,1597,2455,1822,6477,ON
429,2026-05-19 17:03:43.201,33.1,4.75,4.206,14359,151.91,37.27,1598,2459,1824,6427,ON
430,2026-05-19 17:03:43.701,33.1,4.75,4.202,14381,151.82,37.36,1602,2467,1829,6356,ON
431,2026-05-19 17:03:44.201,33.1,4.76,4.193,14403,151.73,37.45,1593,2451,1819,6328,ON
432,2026-05-19 17:03:44.701,33.1,4.77,4.198,14423,151.65,37.54,1594,2452,1819,6416,ON
433,2026-05-19 17:03:45.201,33.1,4.79,4.198,14445,151.56,37.62,1598,2457,1824,6402,ON
434,2026-05-19 17:03:45.701,33.1,4.80,4.196,14463,151.48,37.70,1599,2458,1825,6447,ON
435,2026-05-19 17:03:46.201,33.2,4.82,4.197,14478,151.39,37.80,1604,2463,1831,6517,ON
436,2026-05-19 17:03:46.701,33.2,4.83,4.203,14493,151.30,37.88,1604,2462,1830,6392,ON
437,2026-05-19 17:03:47.201,33.2,4.82,4.195,14508,151.22,37.97,1601,2459,1828,6336,ON
438,2026-05-19 17:03:47.701,33.2,4.84,4.200,14533,151.13,38.05,1601,2460,1829,6418,ON
439,2026-05-19 17:03:48.201,33.2,4.83,4.181,14551,151.04,38.14,1596,2453,1823,6439,ON
440,2026-05-19 17:03:48.701,33.2,4.85,4.187,14567,150.95,38.23,1595,2451,1822,6447,ON
441,2026-05-19 17:03:49.201,33.2,4.87,4.202,14581,150.87,38.31,1603,2464,1831,6445,ON
442,2026-05-19 17:03:49.701,33.2,4.88,4.192,14594,150.78,38.41,1609,2472,1838,6328,ON
443,2026-05-19 17:03:50.201,33.2,4.88,4.197,14607,150.69,38.49,1601,2460,1828,6398,ON
444,2026-05-19 17:03:50.701,33.2,4.87,4.184,14622,150.61,38.57,1605,2468,1832,6460,ON
445,2026-05-19 17:03:51.201,33.2,4.85,4.202,14640,150.52,38.66,1608,2473,1834,6413,ON
446,2026-05-19 17:03:51.701,33.2,4.84,4.192,14658,150.43,38.75,1605,2468,1832,6494,ON
447,2026-05-19 17:03:52.201,33.2,4.87,4.185,14678,150.35,38.83,1614,2480,1842,6559,ON
448,2026-05-19 17:03:52.701,33.2,4.89,4.174,14700,150.26,38.92,1616,2481,1844,6449,ON
449,2026-05-19 17:03:53.201,33.2,4.92,4.171,14723,150.18,39.01,1606,2468,1833,6339,ON
450,2026-05-19 17:03:53.701,33.2,4.93,4.179,14743,150.10,39.09,1600,2461,1827,6513,ON
451,2026-05-19 17:03:54.201,33.2,4.94,4.183,14762,150.01,39.17,1607,2472,1834,6407,ON
452,2026-05-19 17:03:54.701,33.3,4.96,4.166,14782,149.91,39.27,1607,2470,1834,6385,ON
453,2026-05-19 17:03:55.201,33.3,4.99,4.178,14803,149.83,39.35,1611,2476,1838,6456,ON
454,2026-05-19 17:03:55.701,33.3,4.99,4.188,14823,149.74,39.44,1613,2479,1840,6436,ON
455,2026-05-19 17:03:56.201,33.3,4.98,4.162,14837,149.66,39.52,1607,2471,1835,6283,ON
456,2026-05-19 17:03:56.701,33.3,5.01,4.157,14854,149.57,39.61,1603,2463,1830,6390,ON
457,2026-05-19 17:03:57.201,33.3,5.02,4.173,14871,149.48,39.70,1601,2459,1827,6519,ON
458,2026-05-19 17:03:57.701,33.3,5.02,4.156,14886,149.38,39.80,1599,2457,1826,6420,ON
459,2026-05-19 17:03:58.201,33.3,5.05,4.159,14903,149.30,39.89,1608,2469,1836,6542,ON
460,2026-05-19 17:03:58.701,33.3,5.05,4.169,14918,149.20,39.98,1609,2471,1838,6392,ON
461,2026-05-19 17:03:59.201,33.3,5.04,4.191,14933,149.12,40.06,1603,2461,1832,6434,ON
462,2026-05-19 17:03:59.701,33.3,5.03,4.160,14945,149.03,40.15,1603,2460,1831,6450,ON
463,2026-05-19 17:04:00.201,33.3,5.04,4.163,14961,148.95,40.24,1607,2467,1836,6378,ON
464,2026-05-19 17:04:00.701,33.3,5.04,4.172,14982,148.85,40.33,1606,2465,1835,6416,ON
465,2026-05-19 17:04:01.201,33.3,5.04,4.172,14999,148.78,40.41,1612,2475,1841,6500,ON
466,2026-05-19 17:04:01.701,33.4,5.04,4.168,15018,148.68,40.50,1615,2479,1845,6364,ON
467,2026-05-19 17:04:02.201,33.4,5.06,4.167,15040,148.60,40.58,1604,2463,1834,6342,ON
468,2026-05-19 17:04:02.701,33.4,5.07,4.134,15062,148.51,40.67,1605,2463,1834,6514,ON
469,2026-05-19 17:04:03.201,33.4,5.12,4.145,15080,148.43,40.75,1604,2462,1833,6338,ON
470,2026-05-19 17:04:03.701,33.4,5.13,4.155,15098,148.33,40.85,1606,2466,1835,6545,ON
471,2026-05-19 17:04:04.201,33.4,5.14,4.171,15113,148.25,40.93,1612,2474,1842,6472,ON
472,2026-05-19 17:04:04.701,33.4,5.13,4.158,15127,148.16,41.02,1612,2475,1841,6433,ON
473,2026-05-19 17:04:05.201,33.4,5.12,4.165,15146,148.08,41.11,1610,2472,1840,6369,ON
474,2026-05-19 17:04:05.701,33.4,5.12,4.149,15164,147.98,41.20,1609,2471,1839,6398,ON
475,2026-05-19 17:04:06.201,33.4,5.14,4.154,15181,147.90,41.28,1604,2462,1833,6392,ON
476,2026-05-19 17:04:06.701,33.4,5.15,4.140,15199,147.82,41.36,1602,2459,1831,6449,ON
477,2026-05-19 17:04:07.201,33.4,5.16,4.152,15217,147.73,41.45,1607,2469,1836,6429,ON
478,2026-05-19 17:04:07.701,33.4,5.17,4.150,15230,147.65,41.54,1606,2468,1835,6368,ON
479,2026-05-19 17:04:08.201,33.4,5.19,4.155,15243,147.56,41.63,1602,2460,1829,6505,ON
480,2026-05-19 17:04:08.701,33.4,5.18,4.146,15258,147.47,41.72,1616,2482,1846,6578,ON
481,2026-05-19 17:04:09.201,33.4,5.17,4.156,15271,147.39,41.79,1619,2491,1853,6443,ON
482,2026-05-19 17:04:09.701,33.5,5.17,4.154,15291,147.29,41.89,1619,2493,1854,6467,ON
483,2026-05-19 17:04:10.201,33.5,5.20,4.132,15313,147.21,41.97,1619,2489,1852,6371,ON
484,2026-05-19 17:04:10.701,33.5,5.23,4.146,15333,147.12,42.06,1605,2464,1836,6436,ON
485,2026-05-19 17:04:11.201,33.5,5.24,4.142,15350,147.04,42.15,1609,2471,1838,6383,ON
486,2026-05-19 17:04:11.701,33.5,5.25,4.128,15372,146.95,42.23,1616,2482,1844,6366,ON
487,2026-05-19 17:04:12.201,33.5,5.28,4.126,15386,146.86,42.32,1603,2460,1832,6338,ON
488,2026-05-19 17:04:12.701,33.5,5.28,4.146,15394,146.77,42.41,1602,2458,1831,6430,ON
489,2026-05-19 17:04:13.201,33.5,5.28,4.128,15402,146.69,42.50,1606,2464,1836,6410,ON
490,2026-05-19 17:04:13.701,33.5,5.31,4.145,15412,146.59,42.59,1608,2466,1839,6438,ON
491,2026-05-19 17:04:14.201,33.5,5.29,4.134,15428,146.51,42.67,1609,2466,1839,6524,ON
492,2026-05-19 17:04:14.701,33.5,5.30,4.124,15445,146.42,42.76,1614,2474,1845,6475,ON
493,2026-05-19 17:04:15.201,33.5,5.32,4.131,15465,146.33,42.85,1609,2467,1840,6332,ON
494,2026-05-19 17:04:15.701,33.5,5.31,4.131,15482,146.25,42.93,1598,2450,1829,6428,ON
495,2026-05-19 17:04:16.201,33.5,5.32,4.120,15497,146.16,43.03,1602,2455,1833,6422,ON
496,2026-05-19 17:04:16.701,33.5,5.35,4.114,15508,146.08,43.11,1604,2457,1836,6370,ON
497,2026-05-19 17:04:17.201,33.5,5.37,4.123,15518,145.99,43.19,1609,2465,1840,6438,ON
498,2026-05-19 17:04:17.701,33.6,5.38,4.101,15537,145.90,43.28,1613,2471,1844,6454,ON
499,2026-05-19 17:04:18.201,33.6,5.41,4.112,15561,145.82,43.37,1615,2475,1846,6372,ON
500,2026-05-19 17:04:18.701,33.6,5.41,4.119,15586,145.73,43.45,1606,2462,1837,6393,ON
501,2026-05-19 17:04:19.201,33.6,5.42,4.128,15609,145.63,43.55,1608,2466,1839,6467,ON
502,2026-05-19 17:04:19.701,33.6,5.45,4.106,15627,145.55,43.63,1613,2474,1844,6485,ON
503,2026-05-19 17:04:20.201,33.6,5.48,4.089,15644,145.46,43.72,1615,2476,1846,6489,ON
504,2026-05-19 17:04:20.701,33.6,5.53,4.089,15658,145.37,43.81,1618,2481,1850,6496,ON
505,2026-05-19 17:04:21.201,33.6,5.57,4.087,15669,145.28,43.90,1619,2483,1851,6479,ON
506,2026-05-19 17:04:21.701,33.6,5.56,4.104,15676,145.20,43.98,1608,2465,1839,6393,ON
507,2026-05-19 17:04:22.201,33.6,5.56,4.095,15683,145.11,44.07,1608,2465,1839,6462,ON
508,2026-05-19 17:04:22.701,33.6,5.57,4.097,15699,145.02,44.16,1612,2471,1841,6432,ON
509,2026-05-19 17:04:23.201,33.6,5.58,4.107,15714,144.94,44.24,1610,2467,1840,6376,ON
510,2026-05-19 17:04:23.701,33.6,5.58,4.094,15729,144.86,44.33,1621,2483,1853,6546,ON
511,2026-05-19 17:04:24.201,33.6,5.60,4.102,15748,144.77,44.41,1620,2482,1852,6362,ON
512,2026-05-19 17:04:24.701,33.6,5.62,4.085,15768,144.68,44.50,1605,2458,1837,6451,ON
513,2026-05-19 17:04:25.201,33.6,5.65,4.076,15786,144.58,44.60,1608,2464,1842,6473,ON
514,2026-05-19 17:04:25.701,33.6,5.66,4.081,15801,144.49,44.69,1613,2471,1847,6379,ON
515,2026-05-19 17:04:26.201,33.6,5.68,4.080,15815,144.40,44.78,1605,2457,1839,6394,ON
516,2026-05-19 17:04:26.701,33.6,5.69,4.068,15826,144.31,44.87,1604,2457,1837,6423,ON
517,2026-05-19 17:04:27.201,33.7,5.72,4.066,15836,144.23,44.95,1607,2463,1840,6387,ON
518,2026-05-19 17:04:27.701,33.7,5.75,4.064,15849,144.14,45.04,1604,2458,1838,6481,ON
519,2026-05-19 17:04:28.201,33.7,5.76,4.066,15869,144.05,45.13,1609,2460,1842,6461,ON
520,2026-05-19 17:04:28.701,33.7,5.79,4.066,15887,143.97,45.22,1610,2453,1841,6412,ON
521,2026-05-19 17:04:29.201,33.7,5.81,4.068,15901,143.88,45.30,1602,2443,1834,6293,ON
522,2026-05-19 17:04:29.701,33.7,5.82,4.068,15914,143.80,45.39,1598,2440,1829,6385,ON
523,2026-05-19 17:04:30.201,33.7,5.82,4.052,15932,143.71,45.47,1606,2456,1839,6476,ON
524,2026-05-19 17:04:30.701,33.7,5.83,4.057,15948,143.62,45.56,1609,2461,1842,6417,ON
525,2026-05-19 17:04:31.201,33.7,5.83,4.063,15965,143.53,45.65,1604,2455,1842,6537,ON
526,2026-05-19 17:04:31.701,33.7,5.86,4.055,15981,143.44,45.74,1603,2453,1841,6343,ON
527,2026-05-19 17:04:32.201,33.7,5.89,4.049,15996,143.36,45.82,1596,2438,1830,6435,ON
528,2026-05-19 17:04:32.701,33.7,5.92,4.044,16010,143.27,45.91,1600,2438,1831,6390,ON
529,2026-05-19 17:04:33.201,33.7,5.95,4.060,16021,143.19,46.00,1602,2438,1832,6356,ON
530,2026-05-19 17:04:33.701,33.7,5.96,4.052,16033,143.10,46.09,1605,2444,1837,6420,ON
531,2026-05-19 17:04:34.201,33.7,5.96,4.040,16048,143.01,46.17,1610,2451,1842,6448,ON
532,2026-05-19 17:04:34.701,33.7,5.97,4.039,16063,142.92,46.26,1613,2456,1845,6353,ON
533,2026-05-19 17:04:35.201,33.7,6.01,4.035,16077,142.84,46.35,1604,2449,1836,6377,ON
534,2026-05-19 17:04:35.701,33.7,6.04,4.042,16090,142.75,46.43,1607,2456,1840,6515,ON
535,2026-05-19 17:04:36.201,33.7,6.05,4.019,16108,142.66,46.52,1618,2471,1852,6468,ON
536,2026-05-19 17:04:36.701,33.7,6.09,4.012,16124,142.57,46.61,1612,2456,1847,6368,ON
537,2026-05-19 17:04:37.201,33.7,6.11,4.025,16142,142.49,46.69,1607,2442,1842,6409,ON
538,2026-05-19 17:04:37.701,33.8,6.13,4.008,16158,142.40,46.78,1609,2435,1843,6396,ON
539,2026-05-19 17:04:38.201,33.8,6.19,4.007,16173,142.31,46.87,1601,2417,1833,6301,ON
540,2026-05-19 17:04:38.701,33.8,6.25,3.999,16188,142.23,46.95,1600,2416,1831,6389,ON
541,2026-05-19 17:04:39.201,33.8,6.28,4.001,16202,142.14,47.04,1607,2432,1838,6431,ON
542,2026-05-19 17:04:39.701,33.8,6.30,3.997,16219,142.05,47.13,1606,2435,1837,6312,ON
543,2026-05-19 17:04:40.201,33.8,6.34,3.991,16234,141.97,47.22,1594,2418,1824,6314,ON
544,2026-05-19 17:04:40.701,33.8,6.37,3.978,16251,141.88,47.30,1599,2408,1821,6395,ON
545,2026-05-19 17:04:41.201,33.8,6.42,3.978,16267,141.79,47.39,1604,2402,1818,6382,ON
546,2026-05-19 17:04:41.701,33.8,6.48,3.974,16282,141.71,47.48,1606,2400,1822,6381,ON
547,2026-05-19 17:04:42.201,33.8,6.50,3.965,16299,141.61,47.57,1606,2399,1827,6314,ON
548,2026-05-19 17:04:42.701,33.9,6.54,3.942,16320,141.53,47.65,1602,2389,1828,6322,ON
549,2026-05-19 17:04:43.201,33.9,6.63,3.935,16339,141.44,47.74,1602,2387,1829,6201,ON
550,2026-05-19 17:04:43.701,33.9,6.71,3.919,16355,141.35,47.83,1594,2352,1817,6123,ON
551,2026-05-19 17:04:44.201,33.9,6.81,3.888,16369,141.27,47.91,1581,2309,1801,6073,ON
552,2026-05-19 17:04:44.701,33.9,6.92,3.891,16388,141.18,48.01,1575,2286,1794,6098,ON
553,2026-05-19 17:04:45.201,33.9,6.99,3.864,16406,141.10,48.09,1575,2255,1792,5800,ON
554,2026-05-19 17:04:45.701,33.9,7.14,3.813,16440,141.01,48.18,1538,2107,1749,5255,ON
555,2026-05-19 17:04:46.201,33.9,7.57,3.716,16477,140.92,48.26,1488,1903,1688,4922,ON
556,2026-05-19 17:04:46.701,33.9,8.55,3.610,16508,140.84,48.35,1442,1703,1628,4618,ON
557,2026-05-19 17:04:47.201,33.9,8.80,3.566,16540,140.75,48.43,1393,1527,1567,4331,ON
558,2026-05-19 17:04:47.701,33.9,9.11,3.528,16568,140.66,48.52,1353,1388,1517,4269,ON
559,2026-05-19 17:04:48.201,33.9,9.29,3.522,16595,140.57,48.61,1334,1299,1492,4167,ON
560,2026-05-19 17:04:48.701,33.9,9.40,3.494,16628,140.49,48.69,1315,1227,1469,3988,ON
561,2026-05-19 17:04:49.201,33.9,9.57,3.454,16668,140.40,48.78,1287,1159,1434,3945,ON
562,2026-05-19 17:04:49.701,33.9,9.78,3.432,16727,140.31,48.87,1276,1115,1419,3961,ON
563,2026-05-19 17:04:50.201,33.9,9.95,3.410,16796,140.22,48.96,1269,1084,1409,3933,ON
564,2026-05-19 17:04:50.701,33.9,10.09,3.400,16868,140.14,49.04,1262,1063,1400,3904,ON
565,2026-05-19 17:04:51.201,33.9,10.24,3.369,16945,140.05,49.13,1260,1051,1395,3908,ON
566,2026-05-19 17:04:51.701,33.9,10.36,3.350,17029,139.96,49.22,1258,1042,1392,3875,ON
567,2026-05-19 17:04:52.201,33.9,10.48,3.346,17130,139.88,49.30,1251,1033,1384,3856,ON
568,2026-05-19 17:04:52.701,34.0,10.60,3.304,17234,139.79,49.39,1249,1029,1383,3915,ON
569,2026-05-19 17:04:53.201,34.0,10.73,3.308,17322,139.71,49.47,1254,1024,1380,3876,ON
570,2026-05-19 17:04:53.701,34.0,10.81,3.300,17417,139.62,49.56,1253,1023,1381,3896,ON
571,2026-05-19 17:04:54.201,33.9,10.86,3.278,17527,139.53,49.65,1254,1027,1386,3867,ON
572,2026-05-19 17:04:54.701,33.9,10.89,3.273,17618,139.45,49.73,1250,1024,1382,3830,ON
573,2026-05-19 17:04:55.201,33.9,10.94,3.270,17699,139.36,49.82,1249,1023,1382,3915,ON
574,2026-05-19 17:04:55.701,33.9,10.98,3.274,17767,139.27,49.91,1253,1026,1387,3911,ON
575,2026-05-19 17:04:56.201,33.9,10.99,3.271,17829,139.18,50.00,1255,1028,1389,3836,ON
576,2026-05-19 17:04:56.701,33.9,11.01,3.262,17887,139.10,50.08,1250,1023,1383,3858,ON
577,2026-05-19 17:04:57.201,34.0,11.01,3.275,17948,139.02,50.16,1250,1023,1383,3889,ON
578,2026-05-19 17:04:57.701,34.0,11.02,3.256,18007,138.93,50.26,1253,1025,1386,3882,ON
579,2026-05-19 17:04:58.201,34.0,11.04,3.258,18064,138.84,50.34,1252,1025,1385,3904,ON
580,2026-05-19 17:04:58.701,34.0,11.07,3.274,18113,138.75,50.43,1254,1028,1388,3910,ON
581,2026-05-19 17:04:59.201,34.0,11.08,3.249,18167,138.67,50.51,1255,1029,1388,3864,ON
582,2026-05-19 17:04:59.701,33.9,11.11,3.244,18225,138.58,50.60,1250,1024,1382,3856,ON
583,2026-05-19 17:05:00.201,33.9,11.14,3.235,18293,138.48,50.70,1246,1021,1379,3846,ON
584,2026-05-19 17:05:00.701,34.0,11.17,3.245,18372,138.39,50.79,1250,1025,1383,3871,ON
585,2026-05-19 17:05:01.201,34.0,11.18,3.232,18449,138.31,50.88,1248,1024,1380,3806,ON
586,2026-05-19 17:05:01.701,34.0,11.20,3.242,18525,138.22,50.96,1245,1021,1376,3887,ON
587,2026-05-19 17:05:02.201,33.9,11.20,3.231,18598,138.13,51.05,1249,1024,1380,3894,ON
588,2026-05-19 17:05:02.701,33.9,11.24,3.225,18679,138.04,51.14,1251,1025,1383,3818,ON
589,2026-05-19 17:05:03.201,33.9,11.26,3.230,18774,137.96,51.22,1252,1026,1385,3887,ON
590,2026-05-19 17:05:03.701,33.9,11.27,3.232,18866,137.87,51.31,1253,1028,1386,3891,ON
591,2026-05-19 17:05:04.201,33.9,11.28,3.226,18941,137.78,51.40,1254,1030,1387,3839,ON
592,2026-05-19 17:05:04.701,33.9,11.29,3.216,18995,137.69,51.49,1245,1024,1378,3864,ON
593,2026-05-19 17:05:05.201,33.9,11.28,3.241,19042,137.61,51.57,1248,1024,1381,3953,ON
594,2026-05-19 17:05:05.701,33.9,11.26,3.220,19122,137.52,51.66,1255,1029,1381,3869,ON
595,2026-05-19 17:05:06.201,33.9,11.29,3.220,19179,137.44,51.74,1251,1028,1381,3860,ON
596,2026-05-19 17:05:06.701,33.9,11.31,3.209,19227,137.35,51.83,1254,1034,1389,3923,ON
597,2026-05-19 17:05:07.201,33.9,11.34,3.213,19263,137.26,51.92,1255,1033,1387,3846,ON
598,2026-05-19 17:05:07.701,33.9,11.36,3.212,19301,137.18,52.01,1247,1026,1378,3856,ON
599,2026-05-19 17:05:08.201,33.9,11.36,3.214,19363,137.09,52.10,1250,1027,1381,3926,ON
600,2026-05-19 17:05:08.701,33.9,11.36,3.209,19424,137.00,52.18,1257,1034,1390,3833,ON
601,2026-05-19 17:05:09.201,33.9,11.36,3.217,19485,136.92,52.27,1251,1029,1383,3896,ON
602,2026-05-19 17:05:09.701,33.9,11.37,3.216,19551,136.82,52.36,1254,1033,1386,3904,ON
603,2026-05-19 17:05:10.201,33.9,11.38,3.200,19608,136.74,52.44,1255,1033,1387,3889,ON
604,2026-05-19 17:05:10.701,33.9,11.39,3.211,19651,136.65,52.53,1248,1028,1379,3821,ON
605,2026-05-19 17:05:11.201,33.9,11.40,3.200,19698,136.56,52.62,1250,1030,1382,3950,ON
606,2026-05-19 17:05:11.701,33.9,11.43,3.202,19753,136.47,52.71,1257,1036,1390,3927,ON
607,2026-05-19 17:05:12.201,33.9,11.45,3.201,19814,136.39,52.79,1257,1036,1390,3858,ON
608,2026-05-19 17:05:12.701,33.9,11.44,3.194,19906,136.30,52.88,1250,1031,1381,3896,ON
609,2026-05-19 17:05:13.201,33.9,11.46,3.197,19991,136.22,52.97,1252,1033,1384,3909,ON
610,2026-05-19 17:05:13.701,33.9,11.46,3.206,20059,136.13,53.05,1255,1036,1387,3880,ON
611,2026-05-19 17:05:14.201,33.9,11.46,3.208,20121,136.04,53.14,1252,1034,1386,3924,ON
612,2026-05-19 17:05:14.701,33.9,11.46,3.203,20173,135.95,53.23,1259,1040,1393,3941,ON
613,2026-05-19 17:05:15.201,33.9,11.47,3.197,20232,135.86,53.32,1258,1039,1393,3859,ON
614,2026-05-19 17:05:15.701,33.9,11.48,3.195,20297,135.78,53.40,1249,1033,1382,3880,ON
615,2026-05-19 17:05:16.201,33.9,11.48,3.197,20359,135.70,53.49,1253,1036,1384,3969,ON
616,2026-05-19 17:05:16.701,33.9,11.49,3.212,20417,135.60,53.58,1258,1040,1388,3910,ON
617,2026-05-19 17:05:17.201,33.9,11.52,3.184,20474,135.51,53.67,1257,1041,1390,3972,ON
618,2026-05-19 17:05:17.701,33.9,11.53,3.200,20544,135.43,53.75,1263,1046,1397,3927,ON
619,2026-05-19 17:05:18.201,33.9,11.52,3.207,20607,135.35,53.84,1258,1043,1393,3830,ON
620,2026-05-19 17:05:18.701,33.9,11.49,3.185,20663,135.25,53.93,1251,1038,1384,3935,ON
621,2026-05-19 17:05:19.201,33.9,11.51,3.189,20715,135.17,54.02,1258,1043,1391,3944,ON
622,2026-05-19 17:05:19.701,33.9,11.52,3.191,20760,135.08,54.10,1261,1047,1395,3894,ON
623,2026-05-19 17:05:20.201,33.9,11.52,3.193,20816,135.00,54.18,1260,1047,1394,3913,ON
624,2026-05-19 17:05:20.701,33.9,11.52,3.185,20879,134.91,54.27,1262,1048,1395,3936,ON
625,2026-05-19 17:05:21.201,33.9,11.54,3.182,20934,134.83,54.36,1261,1049,1394,3910,ON
626,2026-05-19 17:05:21.701,33.9,11.57,3.174,20988,134.74,54.44,1258,1046,1392,3948,ON
627,2026-05-19 17:05:22.201,33.9,11.59,3.177,21048,134.65,54.53,1263,1050,1398,3957,ON
628,2026-05-19 17:05:22.701,33.9,11.60,3.173,21107,134.56,54.62,1267,1054,1401,3911,ON
629,2026-05-19 17:05:23.201,33.9,11.60,3.186,21160,134.47,54.71,1259,1048,1393,3897,ON
630,2026-05-19 17:05:23.701,33.9,11.59,3.188,21212,134.39,54.79,1261,1050,1395,3967,ON
631,2026-05-19 17:05:24.201,33.9,11.58,3.186,21264,134.30,54.88,1267,1055,1402,3938,ON
632,2026-05-19 17:05:24.701,33.9,11.58,3.181,21322,134.22,54.96,1260,1054,1400,3878,ON
633,2026-05-19 17:05:25.201,33.9,11.58,3.202,21378,134.14,55.04,1260,1056,1402,3952,ON
634,2026-05-19 17:05:25.701,33.9,11.57,3.181,21432,134.05,55.14,1260,1055,1398,3855,ON
635,2026-05-19 17:05:26.201,33.9,11.57,3.188,21480,133.96,55.22,1253,1048,1388,3927,ON
636,2026-05-19 17:05:26.701,33.9,11.57,3.185,21541,133.87,55.31,1259,1053,1394,3963,ON
637,2026-05-19 17:05:27.201,33.9,11.58,3.173,21600,133.79,55.39,1262,1056,1396,3934,ON
638,2026-05-19 17:05:27.701,33.9,11.59,3.174,21658,133.70,55.48,1260,1055,1395,3986,ON
639,2026-05-19 17:05:28.201,33.9,11.59,3.186,21720,133.61,55.57,1265,1059,1399,3968,ON
640,2026-05-19 17:05:28.701,33.9,11.58,3.179,21789,133.52,55.66,1264,1058,1397,3895,ON
641,2026-05-19 17:05:29.201,33.9,11.58,3.171,21847,133.44,55.74,1262,1057,1397,3947,ON
642,2026-05-19 17:05:29.701,33.9,11.62,3.177,21900,133.35,55.84,1267,1062,1402,3993,ON
643,2026-05-19 17:05:30.201,33.9,11.63,3.177,21950,133.26,55.92,1271,1066,1406,3952,ON
644,2026-05-19 17:05:30.701,33.9,11.63,3.173,22004,133.17,56.01,1264,1062,1400,3922,ON
645,2026-05-19 17:05:31.201,33.9,11.62,3.188,22067,133.07,56.11,1263,1061,1398,4010,ON
646,2026-05-19 17:05:31.701,33.9,11.60,3.169,22140,132.98,56.20,1267,1065,1403,3979,ON
647,2026-05-19 17:05:32.201,33.9,11.63,3.167,22199,132.89,56.29,1266,1065,1402,3954,ON
648,2026-05-19 17:05:32.701,33.9,11.65,3.181,22258,132.81,56.37,1266,1065,1402,3998,ON
649,2026-05-19 17:05:33.201,33.9,11.64,3.183,22322,132.72,56.46,1269,1068,1404,3968,ON
650,2026-05-19 17:05:33.701,33.9,11.64,3.176,22392,132.64,56.54,1266,1068,1402,3959,ON
651,2026-05-19 17:05:34.201,33.8,11.64,3.166,22451,132.55,56.64,1264,1069,1401,4014,ON
652,2026-05-19 17:05:34.701,33.9,11.64,3.175,22499,132.46,56.72,1272,1077,1410,4015,ON
653,2026-05-19 17:05:35.201,33.8,11.65,3.170,22543,132.37,56.81,1275,1081,1415,3931,ON
654,2026-05-19 17:05:35.701,33.8,11.66,3.168,22589,132.29,56.89,1271,1077,1408,3966,ON
655,2026-05-19 17:05:36.201,33.9,11.66,3.181,22647,132.20,56.98,1272,1078,1408,3995,ON
656,2026-05-19 17:05:36.701,33.9,11.66,3.174,22701,132.12,57.06,1274,1080,1411,4003,ON
657,2026-05-19 17:05:37.201,33.9,11.65,3.176,22760,132.03,57.15,1273,1081,1413,4009,ON
658,2026-05-19 17:05:37.701,33.8,11.65,3.153,22809,131.94,57.24,1275,1083,1414,4032,ON
659,2026-05-19 17:05:38.201,33.8,11.65,3.168,22864,131.86,57.33,1276,1083,1413,3961,ON
660,2026-05-19 17:05:38.701,33.8,11.67,3.173,22927,131.77,57.41,1268,1076,1405,3950,ON
661,2026-05-19 17:05:39.201,33.8,11.66,3.144,22990,131.68,57.50,1266,1075,1403,4022,ON
662,2026-05-19 17:05:39.701,33.8,11.69,3.169,23055,131.59,57.59,1273,1081,1410,4037,ON
663,2026-05-19 17:05:40.201,33.9,11.71,3.154,23107,131.51,57.67,1273,1083,1412,4002,ON
664,2026-05-19 17:05:40.701,33.8,11.72,3.162,23171,131.42,57.76,1273,1084,1412,4012,ON
665,2026-05-19 17:05:41.201,33.8,11.70,3.176,23228,131.33,57.85,1274,1087,1412,3963,ON
666,2026-05-19 17:05:41.701,33.8,11.68,3.177,23273,131.24,57.94,1270,1084,1409,4013,ON
667,2026-05-19 17:05:42.201,33.8,11.67,3.159,23316,131.16,58.02,1275,1089,1413,4036,ON
668,2026-05-19 17:05:42.701,33.8,11.68,3.159,23372,131.07,58.11,1275,1089,1413,3993,ON
669,2026-05-19 17:05:43.201,33.8,11.70,3.169,23427,130.99,58.20,1273,1088,1412,4018,ON
670,2026-05-19 17:05:43.701,33.8,11.71,3.164,23486,130.89,58.29,1277,1093,1416,4040,ON
671,2026-05-19 17:05:44.201,33.8,11.72,3.159,23547,130.81,58.37,1279,1096,1418,4001,ON
672,2026-05-19 17:05:44.701,33.8,11.74,3.151,23616,130.73,58.45,1273,1092,1412,3988,ON
673,2026-05-19 17:05:45.201,33.8,11.75,3.161,23685,130.64,58.54,1271,1093,1411,4073,ON
674,2026-05-19 17:05:45.701,33.8,11.74,3.155,23749,130.55,58.63,1281,1101,1421,4045,ON
675,2026-05-19 17:05:46.201,33.8,11.74,3.155,23795,130.46,58.72,1277,1098,1417,3991,ON
676,2026-05-19 17:05:46.701,33.8,11.73,3.164,23840,130.37,58.81,1275,1097,1415,4030,ON
677,2026-05-19 17:05:47.201,33.8,11.73,3.152,23884,130.29,58.89,1278,1099,1417,4038,ON
678,2026-05-19 17:05:47.701,33.8,11.74,3.156,23932,130.20,58.98,1276,1099,1419,4001,ON
679,2026-05-19 17:05:48.201,33.8,11.75,3.163,23990,130.12,59.07,1278,1101,1421,4057,ON
680,2026-05-19 17:05:48.701,33.8,11.75,3.160,24047,130.03,59.15,1282,1104,1423,3985,ON
681,2026-05-19 17:05:49.201,33.8,11.75,3.150,24096,129.94,59.24,1276,1102,1416,4027,ON
682,2026-05-19 17:05:49.701,33.8,11.76,3.162,24140,129.86,59.32,1278,1105,1418,4060,ON
683,2026-05-19 17:05:50.201,33.8,11.75,3.164,24192,129.77,59.41,1281,1108,1420,4050,ON
684,2026-05-19 17:05:50.701,33.8,11.73,3.154,24271,129.68,59.50,1280,1109,1421,4066,ON
685,2026-05-19 17:05:51.201,33.8,11.73,3.162,24341,129.60,59.58,1284,1111,1425,4106,ON
686,2026-05-19 17:05:51.701,33.8,11.75,3.149,24392,129.51,59.67,1285,1113,1426,4035,ON
687,2026-05-19 17:05:52.201,33.8,11.78,3.152,24428,129.42,59.76,1280,1110,1420,4034,ON
688,2026-05-19 17:05:52.701,33.8,11.77,3.162,24468,129.33,59.85,1282,1113,1423,4110,ON
689,2026-05-19 17:05:53.201,33.8,11.77,3.156,24524,129.25,59.93,1288,1119,1430,4062,ON
690,2026-05-19 17:05:53.701,33.8,11.79,3.141,24579,129.16,60.02,1284,1116,1427,4051,ON
691,2026-05-19 17:05:54.201,33.8,11.79,3.152,24626,129.07,60.11,1282,1116,1425,4081,ON
692,2026-05-19 17:05:54.701,33.8,11.78,3.136,24686,128.99,60.19,1285,1120,1428,4084,ON
693,2026-05-19 17:05:55.201,33.8,11.77,3.156,24749,128.90,60.28,1284,1120,1428,4062,ON
694,2026-05-19 17:05:55.701,33.8,11.78,3.145,24806,128.81,60.37,1284,1120,1428,4097,ON
695,2026-05-19 17:05:56.201,33.8,11.79,3.161,24859,128.73,60.46,1290,1125,1432,4121,ON
696,2026-05-19 17:05:56.701,33.8,11.77,3.152,24909,128.64,60.55,1294,1121,1427,4118,ON
697,2026-05-19 17:05:57.201,33.8,11.78,3.144,24962,128.55,60.63,1297,1131,1436,4133,ON
698,2026-05-19 17:05:57.701,33.8,11.79,3.148,25026,128.47,60.72,1295,1133,1437,4044,ON
699,2026-05-19 17:05:58.201,33.8,11.77,3.161,25083,128.38,60.80,1284,1125,1426,4078,ON
700,2026-05-19 17:05:58.701,33.8,11.75,3.148,25132,128.29,60.89,1286,1129,1429,4129,ON
701,2026-05-19 17:05:59.201,33.8,11.74,3.166,25194,128.21,60.98,1293,1136,1436,4085,ON
702,2026-05-19 17:05:59.701,33.8,11.73,3.140,25276,128.11,61.07,1288,1133,1433,4090,ON
703,2026-05-19 17:06:00.201,33.8,11.74,3.158,25362,128.01,61.17,1288,1134,1433,4165,ON
704,2026-05-19 17:06:00.701,33.8,11.76,3.145,25416,127.93,61.25,1292,1139,1436,4068,ON
705,2026-05-19 17:06:01.201,33.8,11.78,3.146,25452,127.84,61.34,1286,1134,1429,4065,ON
706,2026-05-19 17:06:01.701,33.8,11.78,3.132,25483,127.75,61.43,1286,1134,1429,4134,ON
707,2026-05-19 17:06:02.201,33.8,11.80,3.153,25518,127.67,61.51,1294,1142,1439,4155,ON
708,2026-05-19 17:06:02.701,33.8,11.79,3.150,25554,127.58,61.60,1295,1144,1441,4097,ON
709,2026-05-19 17:06:03.201,33.8,11.79,3.156,25604,127.50,61.68,1290,1142,1436,4137,ON
710,2026-05-19 17:06:03.701,33.8,11.78,3.145,25657,127.40,61.78,1294,1145,1439,4145,ON
711,2026-05-19 17:06:04.201,33.8,11.77,3.163,25708,127.31,61.87,1293,1146,1438,4100,ON
712,2026-05-19 17:06:04.701,33.8,11.76,3.157,25768,127.22,61.96,1290,1143,1434,4125,ON
713,2026-05-19 17:06:05.201,33.8,11.77,3.136,25814,127.14,62.04,1294,1148,1439,4152,ON
714,2026-05-19 17:06:05.701,33.8,11.77,3.159,25858,127.05,62.13,1298,1153,1443,4117,ON
715,2026-05-19 17:06:06.201,33.8,11.76,3.159,25907,126.97,62.21,1293,1150,1439,4116,ON
716,2026-05-19 17:06:06.701,33.8,11.75,3.153,25953,126.88,62.30,1294,1149,1438,4151,ON
717,2026-05-19 17:06:07.201,33.8,11.77,3.157,26002,126.79,62.39,1294,1149,1435,4065,ON
718,2026-05-19 17:06:07.701,33.8,11.75,3.165,26055,126.70,62.48,1295,1153,1438,4181,ON
719,2026-05-19 17:06:08.201,33.8,11.74,3.157,26099,126.62,62.56,1301,1160,1446,4160,ON
720,2026-05-19 17:06:08.701,33.8,11.75,3.140,26151,126.54,62.64,1298,1159,1444,4129,ON
721,2026-05-19 17:06:09.201,33.8,11.77,3.149,26200,126.44,62.74,1294,1158,1440,4163,ON
722,2026-05-19 17:06:09.701,33.8,11.79,3.153,26245,126.36,62.82,1297,1162,1443,4180,ON
723,2026-05-19 17:06:10.201,33.8,11.79,3.141,26287,126.27,62.91,1298,1163,1444,4124,ON
724,2026-05-19 17:06:10.701,33.8,11.80,3.137,26342,126.18,63.00,1294,1160,1441,4189,ON
725,2026-05-19 17:06:11.201,33.8,11.82,3.168,26400,126.10,63.08,1300,1168,1449,4178,ON
726,2026-05-19 17:06:11.701,33.8,11.80,3.141,26455,126.01,63.17,1301,1171,1449,4125,ON
727,2026-05-19 17:06:12.201,33.8,11.81,3.136,26512,125.93,63.25,1295,1166,1442,4146,ON
728,2026-05-19 17:06:12.701,33.8,11.84,3.142,26572,125.84,63.34,1300,1171,1448,4234,ON
729,2026-05-19 17:06:13.201,33.8,11.85,3.147,26629,125.75,63.43,1305,1178,1454,4163,ON
730,2026-05-19 17:06:13.701,33.8,11.84,3.164,26683,125.66,63.52,1300,1175,1449,4158,ON
731,2026-05-19 17:06:14.201,33.8,11.84,3.144,26726,125.58,63.60,1301,1176,1449,4190,ON
732,2026-05-19 17:06:14.701,33.8,11.82,3.154,26762,125.50,63.68,1304,1179,1451,4167,ON
733,2026-05-19 17:06:15.201,33.8,11.81,3.141,26814,125.40,63.78,1300,1176,1449,4180,ON
734,2026-05-19 17:06:15.701,33.8,11.82,3.137,26867,125.32,63.86,1302,1178,1449,4195,ON
735,2026-05-19 17:06:16.201,33.8,11.81,3.153,26918,125.23,63.95,1300,1178,1447,4159,ON
736,2026-05-19 17:06:16.701,33.8,11.80,3.154,26975,125.15,64.04,1301,1181,1448,4225,ON
737,2026-05-19 17:06:17.201,33.7,11.79,3.148,27034,125.06,64.12,1307,1189,1455,4216,ON
738,2026-05-19 17:06:17.701,33.7,11.80,3.142,27091,124.97,64.21,1308,1191,1456,4117,ON
739,2026-05-19 17:06:18.201,33.7,11.80,3.148,27135,124.89,64.30,1304,1187,1452,4238,ON
740,2026-05-19 17:06:18.701,33.7,11.80,3.144,27177,124.80,64.39,1310,1195,1459,4235,ON
741,2026-05-19 17:06:19.201,33.7,11.80,3.127,27218,124.70,64.48,1310,1196,1458,4159,ON
742,2026-05-19 17:06:19.701,33.7,11.83,3.144,27264,124.62,64.56,1303,1190,1450,4187,ON
743,2026-05-19 17:06:20.201,33.7,11.83,3.136,27313,124.53,64.65,1307,1195,1454,4253,ON
744,2026-05-19 17:06:20.701,33.7,11.85,3.145,27374,124.45,64.73,1310,1200,1459,4182,ON
745,2026-05-19 17:06:21.201,33.7,11.85,3.144,27431,124.36,64.82,1305,1196,1453,4194,ON
746,2026-05-19 17:06:21.701,33.7,11.85,3.132,27475,124.27,64.91,1307,1198,1454,4256,ON
747,2026-05-19 17:06:22.201,33.7,11.85,3.135,27517,124.19,65.00,1312,1205,1460,4231,ON
748,2026-05-19 17:06:22.701,33.7,11.87,3.141,27553,124.10,65.08,1310,1205,1460,4225,ON
749,2026-05-19 17:06:23.201,33.7,11.88,3.132,27587,124.01,65.17,1310,1206,1460,4270,ON
750,2026-05-19 17:06:23.701,33.7,11.89,3.141,27628,123.93,65.25,1316,1212,1467,4255,ON
751,2026-05-19 17:06:24.201,33.7,11.88,3.134,27679,123.84,65.34,1313,1210,1468,4233,ON
752,2026-05-19 17:06:24.701,33.7,11.87,3.142,27731,123.75,65.43,1310,1218,1473,4271,ON
753,2026-05-19 17:06:25.201,33.7,11.86,3.134,27794,123.66,65.52,1312,1218,1467,4261,ON
754,2026-05-19 17:06:25.701,33.7,11.86,3.133,27853,123.57,65.61,1313,1217,1461,4261,ON
755,2026-05-19 17:06:26.201,33.7,11.86,3.153,27900,123.48,65.70,1315,1217,1464,4262,ON
756,2026-05-19 17:06:26.701,33.7,11.84,3.130,27945,123.40,65.78,1316,1218,1466,4235,ON
757,2026-05-19 17:06:27.201,33.7,11.84,3.140,27984,123.32,65.86,1311,1215,1462,4264,ON
758,2026-05-19 17:06:27.701,33.7,11.84,3.148,28020,123.23,65.95,1316,1221,1466,4290,ON
759,2026-05-19 17:06:28.201,33.7,11.83,3.153,28059,123.14,66.04,1317,1224,1467,4250,ON
760,2026-05-19 17:06:28.701,33.7,11.83,3.140,28104,123.05,66.13,1313,1221,1465,4272,ON
761,2026-05-19 17:06:29.201,33.7,11.82,3.151,28159,122.96,66.22,1319,1228,1471,4327,ON
762,2026-05-19 17:06:29.701,33.7,11.82,3.134,28207,122.88,66.30,1321,1231,1474,4271,ON
763,2026-05-19 17:06:30.201,33.7,11.82,3.149,28242,122.79,66.39,1316,1229,1468,4257,ON
764,2026-05-19 17:06:30.701,33.7,11.83,3.138,28280,122.71,66.47,1318,1232,1470,4324,ON
765,2026-05-19 17:06:31.201,33.7,11.84,3.132,28329,122.62,66.56,1323,1239,1477,4291,ON
766,2026-05-19 17:06:31.701,33.7,11.85,3.140,28370,122.53,66.65,1320,1238,1475,4279,ON
767,2026-05-19 17:06:32.201,33.7,11.85,3.141,28411,122.45,66.74,1320,1239,1475,4330,ON
768,2026-05-19 17:06:32.701,33.7,11.86,3.138,28450,122.36,66.82,1325,1244,1479,4323,ON
769,2026-05-19 17:06:33.201,33.7,11.87,3.130,28493,122.27,66.91,1321,1242,1474,4254,ON
770,2026-05-19 17:06:33.701,33.7,11.88,3.135,28535,122.19,66.99,1317,1239,1471,4360,ON
771,2026-05-19 17:06:34.201,33.7,11.88,3.139,28581,122.10,67.08,1326,1250,1482,4375,ON
772,2026-05-19 17:06:34.701,33.7,11.88,3.124,28645,122.00,67.18,1329,1254,1485,4282,ON
773,2026-05-19 17:06:35.201,33.7,11.88,3.137,28710,121.91,67.27,1323,1250,1477,4292,ON
774,2026-05-19 17:06:35.701,33.7,11.87,3.123,28761,121.83,67.36,1325,1253,1480,4355,ON
775,2026-05-19 17:06:36.201,33.7,11.88,3.120,28797,121.74,67.44,1327,1256,1483,4295,ON
776,2026-05-19 17:06:36.701,33.7,11.92,3.132,28829,121.65,67.53,1322,1253,1480,4333,ON
777,2026-05-19 17:06:37.201,33.7,11.91,3.135,28856,121.56,67.62,1327,1260,1485,4380,ON
778,2026-05-19 17:06:37.701,33.7,11.90,3.138,28888,121.48,67.71,1329,1263,1486,4307,ON
779,2026-05-19 17:06:38.201,33.7,11.89,3.133,28942,121.39,67.79,1329,1265,1486,4354,ON
780,2026-05-19 17:06:38.701,33.7,11.89,3.128,28991,121.30,67.88,1331,1269,1488,4368,ON
781,2026-05-19 17:06:39.201,33.7,11.91,3.137,29043,121.21,67.97,1328,1267,1485,4327,ON
782,2026-05-19 17:06:39.701,33.7,11.92,3.134,29079,121.13,68.05,1327,1267,1483,4385,ON
783,2026-05-19 17:06:40.201,33.7,11.91,3.127,29128,121.04,68.14,1333,1273,1489,4377,ON
784,2026-05-19 17:06:40.701,33.7,11.93,3.131,29189,120.96,68.22,1329,1270,1484,4301,ON
785,2026-05-19 17:06:41.201,33.7,11.92,3.128,29246,120.87,68.31,1324,1267,1480,4406,ON
786,2026-05-19 17:06:41.701,33.7,11.91,3.143,29295,120.78,68.40,1333,1277,1491,4385,ON
787,2026-05-19 17:06:42.201,33.7,11.90,3.137,29343,120.70,68.48,1332,1278,1490,4352,ON
788,2026-05-19 17:06:42.701,33.7,11.90,3.136,29396,120.60,68.58,1328,1275,1485,4343,ON
789,2026-05-19 17:06:43.201,33.6,11.91,3.128,29448,120.52,68.66,1329,1277,1485,4383,ON
790,2026-05-19 17:06:43.701,33.6,11.92,3.145,29498,120.43,68.75,1333,1283,1491,4361,ON
791,2026-05-19 17:06:44.201,33.6,11.92,3.121,29540,120.35,68.83,1328,1279,1486,4341,ON
792,2026-05-19 17:06:44.701,33.7,11.92,3.139,29599,120.27,68.91,1330,1283,1487,4431,ON
793,2026-05-19 17:06:45.201,33.7,11.92,3.126,29641,120.17,69.01,1336,1291,1494,4383,ON
794,2026-05-19 17:06:45.701,33.7,11.93,3.131,29684,120.09,69.09,1331,1287,1488,4351,ON
795,2026-05-19 17:06:46.201,33.6,11.93,3.129,29735,120.00,69.18,1330,1287,1488,4409,ON
796,2026-05-19 17:06:46.701,33.6,11.93,3.119,29800,119.91,69.27,1335,1294,1494,4421,ON
797,2026-05-19 17:06:47.201,33.6,11.94,3.121,29855,119.83,69.35,1338,1298,1497,4363,ON
798,2026-05-19 17:06:47.701,33.6,11.96,3.129,29892,119.74,69.44,1340,1301,1499,4418,ON
799,2026-05-19 17:06:48.201,33.6,11.95,3.124,29926,119.65,69.53,1337,1300,1495,4357,ON
800,2026-05-19 17:06:48.701,33.6,11.94,3.138,29949,119.57,69.62,1330,1294,1488,4418,ON
801,2026-05-19 17:06:49.201,33.6,11.93,3.098,29969,119.48,69.70,1336,1302,1494,4438,ON
802,2026-05-19 17:06:49.701,33.6,11.95,3.120,29998,119.39,69.79,1339,1306,1497,4390,ON
803,2026-05-19 17:06:50.201,33.6,11.96,3.127,30028,119.30,69.88,1333,1303,1492,4399,ON
804,2026-05-19 17:06:50.701,33.6,11.94,3.134,30066,119.22,69.96,1336,1306,1495,4457,ON
805,2026-05-19 17:06:51.201,33.6,11.93,3.143,30129,119.14,70.05,1338,1309,1497,4396,ON
806,2026-05-19 17:06:51.701,33.6,11.92,3.133,30216,119.05,70.13,1333,1306,1492,4436,ON
807,2026-05-19 17:06:52.201,33.6,11.92,3.126,30282,118.96,70.22,1337,1312,1497,4477,ON
808,2026-05-19 17:06:52.701,33.6,11.92,3.132,30337,118.88,70.31,1340,1317,1500,4391,ON
809,2026-05-19 17:06:53.201,33.6,11.92,3.103,30387,118.78,70.40,1333,1310,1492,4412,ON
810,2026-05-19 17:06:53.701,33.6,11.96,3.105,30439,118.70,70.48,1335,1315,1495,4487,ON
811,2026-05-19 17:06:54.201,33.6,11.94,3.144,30481,118.61,70.57,1343,1325,1505,4451,ON
812,2026-05-19 17:06:54.701,33.6,11.92,3.131,30507,118.53,70.65,1342,1326,1504,4488,ON
813,2026-05-19 17:06:55.201,33.6,11.93,3.126,30534,118.44,70.74,1346,1331,1509,4450,ON
814,2026-05-19 17:06:55.701,33.6,11.94,3.132,30563,118.35,70.83,1343,1330,1505,4444,ON
815,2026-05-19 17:06:56.201,33.6,11.93,3.131,30592,118.26,70.92,1344,1334,1507,4494,ON
816,2026-05-19 17:06:56.701,33.6,11.93,3.134,30626,118.17,71.01,1348,1338,1509,4483,ON
817,2026-05-19 17:06:57.201,33.6,11.92,3.148,30674,118.09,71.09,1344,1335,1505,4436,ON
818,2026-05-19 17:06:57.701,33.6,11.93,3.134,30715,118.00,71.18,1342,1335,1504,4518,ON
819,2026-05-19 17:06:58.201,33.6,11.94,3.117,30752,117.92,71.26,1350,1345,1512,4483,ON
820,2026-05-19 17:06:58.701,33.6,11.96,3.113,30800,117.83,71.35,1348,1344,1508,4466,ON
821,2026-05-19 17:06:59.201,33.6,11.95,3.124,30853,117.74,71.44,1344,1342,1505,4516,ON
822,2026-05-19 17:06:59.701,33.6,11.95,3.120,30897,117.64,71.54,1351,1350,1510,4536,ON
823,2026-05-19 17:07:00.201,33.6,11.94,3.128,30936,117.55,71.63,1350,1349,1511,4481,ON
824,2026-05-19 17:07:00.701,33.6,11.94,3.120,30979,117.46,71.72,1346,1347,1508,4538,ON
825,2026-05-19 17:07:01.201,33.6,11.95,3.107,31019,117.38,71.80,1350,1355,1514,4540,ON
826,2026-05-19 17:07:01.701,33.6,11.94,3.131,31065,117.29,71.89,1352,1359,1516,4489,ON
827,2026-05-19 17:07:02.201,33.6,11.94,3.113,31118,117.21,71.98,1348,1355,1510,4493,ON
828,2026-05-19 17:07:02.701,33.6,11.95,3.122,31170,117.12,72.06,1352,1360,1514,4561,ON
829,2026-05-19 17:07:03.201,33.6,11.95,3.115,31213,117.04,72.14,1354,1363,1516,4497,ON
830,2026-05-19 17:07:03.701,33.6,11.95,3.121,31248,116.95,72.24,1348,1360,1510,4488,ON
831,2026-05-19 17:07:04.201,33.6,11.95,3.123,31286,116.86,72.32,1344,1357,1507,4559,ON
832,2026-05-19 17:07:04.701,33.6,11.95,3.134,31334,116.77,72.41,1347,1356,1502,4520,ON
833,2026-05-19 17:07:05.201,33.6,11.94,3.119,31388,116.69,72.49,1349,1358,1508,4516,ON
834,2026-05-19 17:07:05.701,33.6,11.95,3.119,31427,116.60,72.58,1353,1369,1513,4551,ON
835,2026-05-19 17:07:06.201,33.6,11.96,3.121,31470,116.52,72.67,1353,1372,1514,4529,ON
836,2026-05-19 17:07:06.701,33.6,11.97,3.112,31521,116.43,72.75,1354,1374,1514,4544,ON
837,2026-05-19 17:07:07.201,33.6,11.96,3.139,31558,116.34,72.84,1355,1377,1515,4544,ON
838,2026-05-19 17:07:07.701,33.6,11.96,3.129,31593,116.26,72.92,1355,1378,1516,4541,ON
839,2026-05-19 17:07:08.201,33.6,11.95,3.133,31629,116.17,73.01,1356,1383,1519,4597,ON
840,2026-05-19 17:07:08.701,33.6,11.94,3.124,31654,116.08,73.10,1361,1390,1526,4581,ON
841,2026-05-19 17:07:09.201,33.6,11.94,3.134,31673,116.00,73.19,1358,1388,1523,4536,ON
842,2026-05-19 17:07:09.701,33.6,11.93,3.115,31703,115.91,73.27,1357,1388,1522,4612,ON
843,2026-05-19 17:07:10.201,33.6,11.94,3.121,31739,115.82,73.36,1363,1396,1530,4601,ON
844,2026-05-19 17:07:10.701,33.6,11.94,3.119,31779,115.74,73.44,1362,1397,1530,4547,ON
845,2026-05-19 17:07:11.201,33.6,11.94,3.125,31832,115.65,73.53,1358,1395,1526,4618,ON
846,2026-05-19 17:07:11.701,33.6,11.95,3.120,31887,115.56,73.62,1362,1401,1530,4574,ON
847,2026-05-19 17:07:12.201,33.6,11.96,3.108,31933,115.47,73.71,1360,1400,1529,4556,ON
848,2026-05-19 17:07:12.701,33.6,11.97,3.112,31982,115.39,73.80,1357,1399,1528,4592,ON
849,2026-05-19 17:07:13.201,33.6,11.96,3.131,32017,115.30,73.88,1360,1405,1532,4624,ON
850,2026-05-19 17:07:13.701,33.6,11.96,3.099,32051,115.22,73.97,1362,1407,1534,4584,ON
851,2026-05-19 17:07:14.201,33.6,11.99,3.121,32092,115.12,74.06,1358,1405,1531,4611,ON
852,2026-05-19 17:07:14.701,33.6,11.99,3.108,32132,115.03,74.15,1362,1411,1537,4659,ON
853,2026-05-19 17:07:15.201,33.6,11.97,3.126,32175,114.95,74.23,1365,1416,1541,4583,ON
854,2026-05-19 17:07:15.701,33.6,11.95,3.130,32212,114.87,74.31,1363,1417,1540,4617,ON
855,2026-05-19 17:07:16.201,33.6,11.94,3.122,32239,114.78,74.40,1363,1417,1540,4673,ON
856,2026-05-19 17:07:16.701,33.6,11.94,3.133,32263,114.72,74.46,1363,1419,1541,4634,ON
857,2026-05-19 17:07:17.201,33.6,11.94,3.135,32310,114.64,74.54,1363,1420,1542,4627,ON
858,2026-05-19 17:07:17.701,33.6,11.94,3.099,32338,114.55,74.63,1367,1427,1546,4664,ON
859,2026-05-19 17:07:18.201,33.6,11.95,3.128,32376,114.47,74.71,1366,1427,1545,4608,ON
860,2026-05-19 17:07:18.701,33.6,11.95,3.126,32419,114.38,74.80,1366,1428,1545,4676,ON
861,2026-05-19 17:07:19.201,33.6,11.95,3.133,32485,114.29,74.89,1370,1435,1549,4630,ON
862,2026-05-19 17:07:19.701,33.6,11.94,3.106,32544,114.21,74.97,1365,1430,1541,4588,ON
863,2026-05-19 17:07:20.201,33.6,11.96,3.117,32599,114.12,75.06,1363,1429,1539,4692,ON
864,2026-05-19 17:07:20.701,33.6,11.97,3.103,32651,114.04,75.15,1371,1440,1548,4674,ON
865,2026-05-19 17:07:21.201,33.6,12.00,3.108,32699,113.95,75.23,1368,1439,1545,4632,ON
866,2026-05-19 17:07:21.701,33.6,12.00,3.127,32728,113.86,75.32,1363,1435,1539,4684,ON
867,2026-05-19 17:07:22.201,33.6,11.98,3.121,32755,113.78,75.41,1369,1444,1546,4692,ON
868,2026-05-19 17:07:22.701,33.6,11.98,3.110,32776,113.69,75.49,1370,1446,1546,4645,ON
869,2026-05-19 17:07:23.201,33.6,12.01,3.128,32822,113.60,75.58,1366,1444,1542,4691,ON
870,2026-05-19 17:07:23.701,33.6,12.01,3.119,32883,113.52,75.66,1371,1451,1547,4695,ON
871,2026-05-19 17:07:24.201,33.6,12.00,3.118,32934,113.43,75.75,1374,1456,1550,4624,ON
872,2026-05-19 17:07:24.701,33.6,12.00,3.117,32986,113.34,75.84,1370,1454,1547,4678,ON
873,2026-05-19 17:07:25.201,33.6,11.99,3.118,33038,113.26,75.93,1373,1459,1546,4716,ON
874,2026-05-19 17:07:25.701,33.6,12.00,3.114,33090,113.17,76.01,1374,1460,1544,4675,ON
875,2026-05-19 17:07:26.201,33.6,11.99,3.124,33127,113.08,76.10,1374,1462,1546,4712,ON
876,2026-05-19 17:07:26.701,33.6,11.98,3.115,33149,113.00,76.18,1376,1467,1550,4661,ON
877,2026-05-19 17:07:27.201,33.6,11.99,3.113,33173,112.91,76.27,1369,1461,1543,4700,ON
878,2026-05-19 17:07:27.701,33.6,11.99,3.120,33213,112.83,76.35,1372,1466,1547,4762,ON
879,2026-05-19 17:07:28.201,33.6,11.99,3.124,33264,112.74,76.45,1377,1473,1553,4719,ON
880,2026-05-19 17:07:28.701,33.6,12.01,3.110,33301,112.65,76.53,1374,1473,1552,4702,ON
881,2026-05-19 17:07:29.201,33.5,12.01,3.132,33337,112.57,76.61,1374,1475,1552,4727,ON
882,2026-05-19 17:07:29.701,33.5,11.99,3.116,33381,112.48,76.70,1376,1478,1553,4711,ON
883,2026-05-19 17:07:30.201,33.5,11.99,3.112,33413,112.39,76.79,1373,1476,1549,4696,ON
884,2026-05-19 17:07:30.701,33.6,12.00,3.096,33438,112.30,76.88,1371,1476,1548,4751,ON
885,2026-05-19 17:07:31.201,33.6,12.04,3.098,33453,112.22,76.96,1378,1485,1553,4702,ON
886,2026-05-19 17:07:31.701,33.6,12.06,3.096,33471,112.13,77.05,1372,1480,1547,4688,ON
887,2026-05-19 17:07:32.201,33.6,12.04,3.122,33503,112.05,77.13,1370,1478,1544,4762,ON
888,2026-05-19 17:07:32.701,33.6,12.03,3.118,33556,111.96,77.22,1377,1488,1552,4734,ON
889,2026-05-19 17:07:33.201,33.5,12.02,3.124,33613,111.87,77.31,1374,1487,1550,4658,ON
890,2026-05-19 17:07:33.701,33.5,12.04,3.097,33659,111.77,77.41,1372,1486,1548,4784,ON
891,2026-05-19 17:07:34.201,33.5,12.06,3.111,33700,111.69,77.50,1378,1494,1554,4763,ON
892,2026-05-19 17:07:34.701,33.6,12.04,3.125,33749,111.60,77.58,1377,1495,1554,4720,ON
893,2026-05-19 17:07:35.201,33.6,12.00,3.115,33789,111.51,77.67,1372,1494,1554,4755,ON
894,2026-05-19 17:07:35.701,33.6,12.01,3.116,33824,111.43,77.76,1375,1498,1552,4718,ON
895,2026-05-19 17:07:36.201,33.5,12.01,3.105,33854,111.34,77.84,1361,1484,1534,4592,ON
896,2026-05-19 17:07:36.701,33.5,12.04,3.113,33889,111.25,77.93,1340,1463,1508,4548,ON
897,2026-05-19 17:07:37.201,33.5,12.04,3.110,33939,111.17,78.01,1330,1453,1494,4505,ON
898,2026-05-19 17:07:37.701,33.5,12.04,3.136,33991,111.07,78.11,1333,1457,1500,4625,ON
899,2026-05-19 17:07:38.201,33.5,12.01,3.132,34043,110.99,78.20,1340,1467,1509,4709,ON
900,2026-05-19 17:07:38.701,33.5,12.00,3.130,34089,110.90,78.28,1339,1468,1507,4506,ON
901,2026-05-19 17:07:39.201,33.5,12.00,3.114,34137,110.82,78.37,1332,1462,1500,4584,ON
902,2026-05-19 17:07:39.701,33.5,12.01,3.106,34157,110.73,78.45,1329,1461,1496,4602,ON
903,2026-05-19 17:07:40.201,33.5,12.01,3.116,34178,110.65,78.53,1330,1462,1497,4544,ON
904,2026-05-19 17:07:40.701,33.5,12.01,3.120,34204,110.55,78.63,1324,1458,1492,4493,ON
905,2026-05-19 17:07:41.201,33.5,12.00,3.116,34241,110.47,78.71,1327,1464,1496,4618,ON
906,2026-05-19 17:07:41.701,33.5,12.02,3.100,34277,110.38,78.81,1343,1483,1513,4732,ON
907,2026-05-19 17:07:42.201,33.5,12.02,3.119,34336,110.29,78.89,1341,1482,1511,4579,ON
908,2026-05-19 17:07:42.701,33.5,12.02,3.114,34386,110.21,78.97,1328,1474,1501,4696,ON
909,2026-05-19 17:07:43.201,33.5,12.02,3.119,34432,110.12,79.06,1335,1481,1507,4545,ON
910,2026-05-19 17:07:43.701,33.5,12.02,3.116,34469,110.02,79.16,1321,1467,1491,4603,ON
911,2026-05-19 17:07:44.201,33.5,12.02,3.102,34488,109.95,79.23,1324,1471,1491,4581,ON
912,2026-05-19 17:07:44.701,33.5,12.04,3.100,34507,109.86,79.32,1323,1471,1490,4545,ON
913,2026-05-19 17:07:45.201,33.5,12.04,3.115,34530,109.78,79.41,1316,1464,1482,4695,ON
914,2026-05-19 17:07:45.701,33.5,12.01,3.124,34571,109.69,79.49,1328,1480,1496,4681,ON
915,2026-05-19 17:07:46.201,33.5,11.99,3.111,34617,109.60,79.58,1326,1480,1494,4565,ON
916,2026-05-19 17:07:46.701,33.5,12.02,3.104,34653,109.51,79.67,1319,1474,1487,4599,ON
917,2026-05-19 17:07:47.201,33.5,12.03,3.114,34689,109.42,79.76,1322,1479,1489,4773,ON
918,2026-05-19 17:07:47.701,33.5,12.03,3.096,34717,109.34,79.85,1326,1484,1493,4554,ON
919,2026-05-19 17:07:48.201,33.5,12.05,3.103,34749,109.26,79.93,1321,1480,1488,4622,ON
920,2026-05-19 17:07:48.701,33.5,12.05,3.109,34783,109.17,80.01,1327,1491,1497,4671,ON
921,2026-05-19 17:07:49.201,33.5,12.06,3.101,34818,109.08,80.10,1332,1500,1505,4659,ON
922,2026-05-19 17:07:49.701,33.5,12.06,3.110,34848,108.99,80.19,1330,1499,1503,4602,ON
923,2026-05-19 17:07:50.201,33.5,12.06,3.128,34895,108.91,80.28,1335,1505,1507,4711,ON
924,2026-05-19 17:07:50.701,33.5,12.04,3.117,34954,108.82,80.36,1342,1512,1513,4686,ON
925,2026-05-19 17:07:51.201,33.5,12.03,3.124,35018,108.74,80.44,1339,1511,1510,4632,ON
926,2026-05-19 17:07:51.701,33.5,12.01,3.122,35064,108.65,80.53,1341,1515,1513,4762,ON
927,2026-05-19 17:07:52.201,33.5,12.01,3.101,35101,108.56,80.62,1353,1530,1523,4792,ON
928,2026-05-19 17:07:52.701,33.5,12.02,3.115,35137,108.47,80.71,1357,1537,1527,4683,ON
929,2026-05-19 17:07:53.201,33.5,12.02,3.115,35166,108.39,80.79,1351,1537,1526,4720,ON
930,2026-05-19 17:07:53.701,33.5,12.02,3.121,35184,108.30,80.88,1349,1530,1519,4746,ON
931,2026-05-19 17:07:54.201,33.5,12.01,3.113,35209,108.22,80.96,1343,1525,1514,4642,ON
932,2026-05-19 17:07:54.701,33.5,12.02,3.108,35254,108.13,81.05,1345,1532,1518,4741,ON
933,2026-05-19 17:07:55.201,33.5,12.03,3.090,35285,108.05,81.13,1349,1536,1520,4698,ON
934,2026-05-19 17:07:55.701,33.5,12.06,3.094,35314,107.95,81.23,1349,1539,1521,4741,ON
935,2026-05-19 17:07:56.201,33.5,12.07,3.108,35347,107.87,81.31,1352,1543,1525,4769,ON
936,2026-05-19 17:07:56.701,33.5,12.07,3.098,35374,107.78,81.40,1353,1546,1525,4677,ON
937,2026-05-19 17:07:57.201,33.5,12.07,3.112,35405,107.70,81.48,1343,1536,1515,4781,ON
938,2026-05-19 17:07:57.701,33.5,12.06,3.103,35423,107.61,81.57,1352,1548,1525,4784,ON
939,2026-05-19 17:07:58.201,33.5,12.07,3.118,35448,107.53,81.65,1354,1553,1527,4680,ON
940,2026-05-19 17:07:58.701,33.5,12.05,3.109,35465,107.43,81.75,1344,1543,1516,4738,ON
941,2026-05-19 17:07:59.201,33.5,12.05,3.129,35504,107.35,81.83,1347,1548,1519,4804,ON
942,2026-05-19 17:07:59.701,33.5,12.03,3.122,35562,107.26,81.92,1347,1548,1517,4652,ON
943,2026-05-19 17:08:00.201,33.5,12.02,3.100,35619,107.16,82.02,1342,1545,1512,4745,ON
944,2026-05-19 17:08:00.701,33.5,12.03,3.109,35669,107.07,82.11,1342,1548,1513,4706,ON
945,2026-05-19 17:08:01.201,33.5,12.03,3.112,35714,106.98,82.20,1337,1543,1507,4663,ON
946,2026-05-19 17:08:01.701,33.5,12.05,3.100,35760,106.91,82.27,1335,1542,1505,4741,ON
947,2026-05-19 17:08:02.201,33.5,12.05,3.117,35804,106.82,82.37,1338,1546,1507,4712,ON
948,2026-05-19 17:08:02.701,33.5,12.03,3.095,35832,106.73,82.45,1334,1546,1505,4700,ON
949,2026-05-19 17:08:03.201,33.5,12.04,3.114,35865,106.64,82.55,1335,1548,1505,4915,ON
950,2026-05-19 17:08:03.701,33.5,12.03,3.118,35895,106.55,82.63,1363,1582,1538,4912,ON
951,2026-05-19 17:08:04.201,33.5,12.02,3.115,35937,106.47,82.72,1373,1595,1550,4860,ON
952,2026-05-19 17:08:04.701,33.5,12.02,3.114,35977,106.38,82.80,1383,1608,1562,4982,ON
953,2026-05-19 17:08:05.201,33.5,12.03,3.100,36009,106.29,82.89,1394,1623,1574,4938,ON
954,2026-05-19 17:08:05.701,33.5,12.05,3.103,36034,106.21,82.97,1393,1624,1574,4936,ON
955,2026-05-19 17:08:06.201,33.5,12.07,3.100,36059,106.12,83.06,1396,1630,1576,5015,ON
956,2026-05-19 17:08:06.701,33.5,12.08,3.106,36089,106.04,83.15,1406,1635,1580,5049,ON
957,2026-05-19 17:08:07.201,33.5,12.07,3.101,36107,105.95,83.23,1413,1638,1582,5060,ON
958,2026-05-19 17:08:07.701,33.5,12.07,3.104,36129,105.86,83.32,1419,1654,1596,5089,ON
959,2026-05-19 17:08:08.201,33.5,12.06,3.104,36161,105.77,83.41,1416,1656,1597,4975,ON
960,2026-05-19 17:08:08.701,33.5,12.06,3.107,36207,105.68,83.50,1412,1654,1594,5064,ON
961,2026-05-19 17:08:09.201,33.5,12.06,3.107,36256,105.60,83.58,1418,1665,1602,5062,ON
962,2026-05-19 17:08:09.701,33.5,12.05,3.113,36318,105.52,83.67,1421,1671,1606,4993,ON
963,2026-05-19 17:08:10.201,33.5,12.04,3.123,36358,105.43,83.75,1417,1670,1603,5084,ON
964,2026-05-19 17:08:10.701,33.4,12.03,3.089,36404,105.34,83.84,1424,1680,1610,5101,ON
965,2026-05-19 17:08:11.201,33.4,12.04,3.107,36439,105.25,83.93,1426,1684,1612,5027,ON
966,2026-05-19 17:08:11.701,33.4,12.05,3.101,36460,105.17,84.01,1421,1680,1607,5144,ON
967,2026-05-19 17:08:12.201,33.4,12.05,3.100,36473,105.08,84.10,1430,1695,1618,5159,ON
968,2026-05-19 17:08:12.701,33.4,12.03,3.124,36500,104.99,84.19,1440,1710,1631,5190,ON
969,2026-05-19 17:08:13.201,33.4,12.03,3.093,36543,104.90,84.28,1447,1719,1639,5230,ON
970,2026-05-19 17:08:13.701,33.4,12.02,3.118,36594,104.82,84.36,1458,1735,1652,5292,ON
971,2026-05-19 17:08:14.201,33.4,12.03,3.108,36648,104.73,84.45,1465,1744,1659,5192,ON
972,2026-05-19 17:08:14.701,33.4,12.04,3.104,36697,104.64,84.54,1458,1737,1652,5224,ON
973,2026-05-19 17:08:15.201,33.4,12.06,3.115,36743,104.56,84.62,1460,1739,1654,5281,ON
974,2026-05-19 17:08:15.701,33.4,12.04,3.119,36780,104.47,84.71,1461,1742,1655,5203,ON
975,2026-05-19 17:08:16.201,33.4,12.03,3.125,36809,104.38,84.80,1467,1750,1662,5275,ON
976,2026-05-19 17:08:16.701,33.4,12.01,3.129,36843,104.30,84.89,1470,1755,1666,5215,ON
977,2026-05-19 17:08:17.201,33.4,12.00,3.118,36873,104.20,84.98,1463,1746,1658,5198,ON
978,2026-05-19 17:08:17.701,33.4,12.01,3.102,36898,104.12,85.06,1464,1748,1658,5317,ON
979,2026-05-19 17:08:18.201,33.4,12.01,3.124,36929,104.03,85.15,1468,1753,1663,5280,ON
980,2026-05-19 17:08:18.701,33.4,12.01,3.116,36957,103.95,85.23,1466,1751,1661,5236,ON
981,2026-05-19 17:08:19.201,33.4,12.02,3.096,36981,103.86,85.32,1465,1751,1661,5314,ON
982,2026-05-19 17:08:19.701,33.4,12.04,3.102,37004,103.78,85.40,1474,1763,1671,5278,ON
983,2026-05-19 17:08:20.201,33.4,12.05,3.118,37026,103.69,85.49,1470,1759,1665,5225,ON
