Timestamp,Temp,pH,Volt,EC,Weight,Weightloss,R,G,B,C,RelayStatus
2026-01-12 16:29:11.123,25.3,1.03,4.677,47223,153.77,0.01,1615,2438,1747,0,ON
2026-01-12 16:29:11.801,25.4,1.05,4.675,47223,153.66,0.11,1627,2451,1755,0,ON
2026-01-12 16:29:12.462,25.4,1.08,4.672,47223,153.56,0.22,1644,2470,1768,0,ON
2026-01-12 16:29:13.145,25.3,1.05,4.675,47223,153.44,0.33,1677,2544,1819,0,ON
2026-01-12 16:29:13.805,25.4,1.07,4.672,47223,153.35,0.43,1634,2459,1760,0,ON
2026-01-12 16:29:14.484,25.3,1.08,4.671,47223,153.23,0.54,1656,2492,1749,0,ON
2026-01-12 16:29:15.146,25.3,1.05,4.675,47223,153.12,0.66,1653,2485,1778,0,ON
2026-01-12 16:29:15.825,25.3,1.07,4.673,47223,153.02,0.75,1649,2478,1777,0,ON
2026-01-12 16:29:16.487,25.4,1.06,4.673,47223,152.91,0.87,1647,2485,1779,0,ON
2026-01-12 16:29:17.168,25.4,1.06,4.674,47223,152.80,0.97,1642,2459,1764,0,ON
2026-01-12 16:29:17.829,25.4,1.08,4.671,47223,152.69,1.09,1636,2473,1776,0,ON
2026-01-12 16:29:18.513,25.4,1.02,4.679,47223,152.59,1.18,1634,2459,1763,0,ON
2026-01-12 16:29:19.172,25.4,1.04,4.676,47223,152.48,1.30,1680,2527,1809,0,ON
2026-01-12 16:29:19.856,25.4,1.11,4.667,47223,152.38,1.40,1671,2510,1798,0,ON
2026-01-12 16:29:20.523,25.4,1.04,4.677,47223,152.26,1.51,1637,2472,1771,0,ON
2026-01-12 16:29:21.202,25.4,1.06,4.673,47223,152.17,1.61,1688,2546,1804,0,ON
2026-01-12 16:29:21.867,25.4,1.09,4.670,47223,152.05,1.73,1635,2467,1770,0,ON
2026-01-12 16:29:22.554,25.4,1.05,4.675,47223,151.94,1.84,1639,2468,1770,0,ON
2026-01-12 16:29:23.213,25.4,1.07,4.673,47223,151.85,1.93,1662,2495,1789,0,ON
2026-01-12 16:29:23.895,25.4,1.06,4.674,47223,151.73,2.05,1636,2466,1770,0,ON
2026-01-12 16:29:24.553,25.4,1.04,4.677,47223,151.62,2.16,1636,2464,1766,0,ON
2026-01-12 16:29:25.236,25.4,1.08,4.671,47223,151.51,2.26,1696,2545,1825,0,ON
2026-01-12 16:29:25.906,25.4,1.07,4.672,47223,151.41,2.37,1655,2494,1788,0,ON
2026-01-12 16:29:26.587,25.4,1.09,4.670,47223,151.30,2.47,1648,2476,1775,0,ON
2026-01-12 16:29:27.247,25.4,1.08,4.671,47223,151.19,2.59,1684,2528,1814,0,ON
2026-01-12 16:29:27.929,25.4,1.09,4.670,47223,151.09,2.69,1618,2435,1746,0,ON
2026-01-12 16:29:28.588,25.4,1.03,4.677,47223,150.98,2.80,1650,2474,1777,0,ON
2026-01-12 16:29:29.268,25.5,1.07,4.673,47223,150.88,2.90,1674,2512,1802,0,ON
2026-01-12 16:29:29.930,25.5,1.08,4.671,47223,150.76,3.02,1681,2528,1815,0,ON
2026-01-12 16:29:30.609,25.5,1.05,4.675,47223,150.67,3.11,1652,2478,1775,0,ON
2026-01-12 16:29:31.273,25.6,1.08,4.671,47223,150.54,3.24,1665,2506,1796,0,ON
2026-01-12 16:29:31.960,25.6,1.07,4.673,47223,150.45,3.33,1657,2496,1791,0,ON
2026-01-12 16:29:32.622,25.5,1.05,4.675,47223,150.33,3.45,1665,2493,1789,0,ON
2026-01-12 16:29:33.301,25.5,1.06,4.674,47223,150.23,3.54,1674,2511,1802,0,ON
2026-01-12 16:29:33.961,25.6,1.05,4.675,47223,150.12,3.66,1662,2494,1790,0,ON
2026-01-12 16:29:34.644,25.6,1.07,4.672,47223,150.01,3.77,1692,2539,1823,0,ON
2026-01-12 16:29:35.311,25.6,1.10,4.668,47223,149.91,3.87,1643,2467,1769,0,ON
2026-01-12 16:29:35.989,25.6,1.03,4.677,47223,149.80,3.98,1698,2563,1839,0,ON
2026-01-12 16:29:36.651,25.6,1.06,4.674,47223,149.70,4.08,1694,2533,1819,0,ON
2026-01-12 16:29:37.332,25.6,1.08,4.671,47223,149.58,4.20,1663,2489,1788,0,ON
2026-01-12 16:29:37.992,25.6,1.06,4.674,47223,149.48,4.30,1661,2489,1786,0,ON
2026-01-12 16:29:38.671,25.6,1.09,4.670,47223,149.37,4.41,1660,2476,1778,0,ON
2026-01-12 16:29:39.337,25.6,1.05,4.674,47223,149.27,4.51,1660,2476,1779,0,ON
2026-01-12 16:29:40.016,25.6,1.04,4.676,47223,149.15,4.63,1692,2534,1822,0,ON
2026-01-12 16:29:40.681,25.6,1.04,4.676,47223,149.04,4.74,1711,2561,1839,0,ON
2026-01-12 16:29:41.369,25.6,1.05,4.675,47223,148.94,4.84,1637,2452,1763,0,ON
2026-01-12 16:29:42.030,25.7,1.07,4.672,47223,148.83,4.95,1699,2544,1828,0,ON
2026-01-12 16:29:42.709,25.7,1.12,4.666,47223,148.72,5.05,1720,2579,1831,0,ON
2026-01-12 16:29:43.374,25.7,1.07,4.672,47223,148.61,5.17,1626,2432,1748,0,ON
2026-01-12 16:29:44.053,25.7,1.07,4.672,47223,148.51,5.26,1672,2492,1790,0,ON
2026-01-12 16:29:44.713,25.7,1.08,4.671,47223,148.40,5.38,1666,2496,1792,0,ON
2026-01-12 16:29:45.397,25.7,1.05,4.676,47223,148.29,5.48,1680,2514,1804,0,ON
2026-01-12 16:29:46.059,25.7,1.05,4.675,47223,148.18,5.59,1672,2501,1797,0,ON
2026-01-12 16:29:46.743,25.7,1.05,4.675,47223,148.08,5.69,1719,2568,1845,0,ON
2026-01-12 16:29:47.403,25.7,1.04,4.676,47223,147.97,5.81,1638,2456,1763,0,ON
2026-01-12 16:29:48.084,25.7,1.06,4.674,47223,147.86,5.92,1667,2482,1783,0,ON
2026-01-12 16:29:48.749,25.8,1.06,4.674,47223,147.75,6.02,1694,2524,1813,0,ON
2026-01-12 16:29:49.428,25.7,1.04,4.676,47223,147.64,6.14,1641,2505,1801,0,ON
2026-01-12 16:29:50.093,25.8,1.07,4.672,47223,147.54,6.24,1655,2470,1775,0,ON
2026-01-12 16:29:50.778,25.8,1.04,4.676,47223,147.43,6.35,1682,2514,1806,0,ON
2026-01-12 16:29:51.438,25.8,1.10,4.668,47223,147.32,6.46,1717,2566,1843,0,ON
2026-01-12 16:29:52.119,25.8,1.08,4.672,47223,147.22,6.56,1736,2588,1862,0,ON
2026-01-12 16:29:52.780,25.8,1.07,4.673,47223,147.10,6.68,1722,2569,1846,0,ON
2026-01-12 16:29:53.461,25.8,1.10,4.668,47223,147.01,6.77,1675,2512,1805,0,ON
2026-01-12 16:29:54.126,25.8,1.09,4.670,47223,146.89,6.89,1676,2493,1790,0,ON
2026-01-12 16:29:54.806,25.9,1.08,4.672,47223,146.79,6.99,1675,2500,1799,0,ON
2026-01-12 16:29:55.465,25.8,1.17,4.660,47223,146.68,7.10,1686,2518,1810,0,ON
2026-01-12 16:29:56.146,25.8,1.07,4.672,47223,146.57,7.21,1709,2627,1888,0,ON
2026-01-12 16:29:56.804,25.8,1.05,4.675,47223,146.46,7.31,1688,2511,1805,0,ON
2026-01-12 16:29:57.484,25.8,1.10,4.668,47223,146.36,7.42,1686,2530,1819,0,ON
2026-01-12 16:29:58.152,25.8,1.06,4.674,47223,146.25,7.53,1766,2643,1899,0,ON
2026-01-12 16:29:58.833,25.8,1.07,4.672,47223,146.15,7.62,1692,2520,1814,0,ON
2026-01-12 16:29:59.493,25.8,1.08,4.672,47223,146.03,7.75,1720,2563,1842,0,ON
2026-01-12 16:30:00.179,25.8,1.05,4.675,47223,145.91,7.87,1690,2519,1809,0,ON
2026-01-12 16:30:00.838,25.9,1.05,4.675,47223,145.81,7.96,1694,2524,1814,0,ON
2026-01-12 16:30:01.517,25.9,1.13,4.664,47223,145.70,8.07,1698,2527,1814,0,ON
2026-01-12 16:30:02.176,25.9,1.07,4.673,47223,145.61,8.17,1688,2522,1814,0,ON
2026-01-12 16:30:02.861,25.9,1.08,4.671,47223,145.49,8.28,1699,2525,1815,0,ON
2026-01-12 16:30:03.521,25.9,1.13,4.664,47223,145.39,8.39,1688,2515,1811,0,ON
2026-01-12 16:30:04.202,25.9,1.06,4.673,47223,145.28,8.50,1720,2562,1846,0,ON
2026-01-12 16:30:04.872,25.9,1.10,4.669,47223,145.16,8.61,1766,2621,1887,0,ON
2026-01-12 16:30:05.556,25.9,1.04,4.676,47223,145.07,8.71,1724,2557,1840,0,ON
2026-01-12 16:30:06.216,25.9,1.03,4.678,47223,144.95,8.83,1680,2506,1800,0,ON
2026-01-12 16:30:06.894,25.9,1.07,4.672,47223,144.85,8.93,1732,2592,1865,0,ON
2026-01-12 16:30:07.558,25.9,1.06,4.674,47223,144.73,9.05,1775,2646,1904,0,ON
2026-01-12 16:30:08.236,26.0,1.08,4.672,47223,144.64,9.14,1698,2526,1816,0,ON
2026-01-12 16:30:08.896,26.0,1.12,4.666,47223,144.51,9.26,1728,2575,1853,0,ON
2026-01-12 16:30:09.580,26.0,1.04,4.676,47223,144.42,9.35,1768,2624,1889,0,ON
2026-01-12 16:30:10.239,26.0,1.08,4.672,47223,144.30,9.47,1678,2500,1799,0,ON
2026-01-12 16:30:10.921,26.0,1.06,4.674,47223,144.20,9.57,1717,2568,1848,0,ON
2026-01-12 16:30:11.583,26.0,1.05,4.675,47223,144.09,9.69,1737,2584,1858,0,ON
2026-01-12 16:30:12.264,26.1,1.07,4.673,47223,143.99,9.79,1751,2607,1876,0,ON
2026-01-12 16:30:12.924,26.1,1.07,4.673,47223,143.88,9.90,1739,2579,1856,0,ON
2026-01-12 16:30:13.604,26.1,1.04,4.676,47223,143.76,10.02,1763,2625,1889,0,ON
2026-01-12 16:30:14.265,26.1,1.08,4.672,47223,143.66,10.12,1771,2638,1901,0,ON
2026-01-12 16:30:14.950,26.0,1.08,4.671,47223,143.55,10.23,1683,2494,1796,0,ON
2026-01-12 16:30:15.610,26.1,1.08,4.672,47223,143.45,10.33,1738,2585,1858,0,ON
2026-01-12 16:30:16.292,26.1,1.06,4.674,47223,143.33,10.44,1710,2539,1828,0,ON
2026-01-12 16:30:16.955,26.1,1.06,4.674,47223,143.23,10.54,1682,2496,1796,0,ON
2026-01-12 16:30:17.634,26.1,1.04,4.677,47223,143.12,10.66,1722,2566,1847,0,ON
2026-01-12 16:30:18.294,26.1,1.10,4.668,47223,143.02,10.76,1737,2579,1856,0,ON
2026-01-12 16:30:18.979,26.1,1.03,4.678,47223,142.90,10.88,1749,2590,1864,0,ON
2026-01-12 16:30:19.638,26.1,1.09,4.670,47223,142.79,10.99,1677,2481,1785,0,ON
2026-01-12 16:30:20.322,26.1,1.06,4.674,47223,142.69,11.09,1737,2585,1861,0,ON
2026-01-12 16:30:20.983,26.1,1.07,4.673,47223,142.58,11.20,1756,2611,1880,0,ON
2026-01-12 16:30:21.663,26.1,1.10,4.669,47223,142.47,11.31,1771,2622,1885,0,ON
2026-01-12 16:30:22.324,26.1,1.07,4.673,47223,142.36,11.41,1747,2613,1885,0,ON
2026-01-12 16:30:23.003,26.1,1.05,4.676,47223,142.26,11.52,1732,2570,1850,0,ON
2026-01-12 16:30:23.664,26.1,1.12,4.666,47223,142.15,11.63,1687,2502,1801,0,ON
2026-01-12 16:30:24.354,26.1,1.07,4.673,47223,142.04,11.73,1704,2521,1814,0,ON
2026-01-12 16:30:25.017,26.2,1.06,4.673,47223,141.93,11.84,1781,2628,1892,0,ON
2026-01-12 16:30:25.697,26.2,1.07,4.673,47223,141.83,11.95,1764,2611,1880,0,ON
2026-01-12 16:30:26.365,26.2,1.06,4.674,47223,141.72,12.06,1795,2649,1905,0,ON
2026-01-12 16:30:27.044,26.2,1.05,4.675,47223,141.60,12.18,1789,2653,1910,0,ON
2026-01-12 16:30:27.706,26.2,1.07,4.673,47223,141.50,12.28,1789,2658,1912,0,ON
2026-01-12 16:30:28.391,26.2,1.03,4.677,47223,141.39,12.39,1770,2608,1876,0,ON
2026-01-12 16:30:29.052,26.2,1.08,4.671,47223,141.29,12.49,1752,2584,1858,0,ON
2026-01-12 16:30:29.731,26.2,1.09,4.669,47223,141.17,12.61,1780,2636,1898,0,ON
2026-01-12 16:30:30.390,26.2,1.06,4.674,47223,141.07,12.71,1745,2587,1861,0,ON
2026-01-12 16:30:31.070,26.2,1.06,4.674,47223,140.96,12.82,1696,2511,1810,0,ON
2026-01-12 16:30:31.729,26.2,1.08,4.672,47223,140.86,12.92,1753,2603,1877,0,ON
2026-01-12 16:30:32.407,26.2,1.06,4.673,47223,140.75,13.03,1787,2636,1896,0,ON
2026-01-12 16:30:33.072,26.2,1.21,4.654,47223,140.63,13.15,1749,2588,1863,0,ON
2026-01-12 16:30:33.755,26.2,1.07,4.673,47223,140.53,13.25,1788,2653,1907,0,ON
2026-01-12 16:30:34.417,26.2,1.07,4.673,47223,140.41,13.37,1766,2612,1881,0,ON
2026-01-12 16:30:35.096,26.2,1.11,4.667,47223,140.31,13.47,1720,2540,1826,0,ON
2026-01-12 16:30:35.763,26.2,1.06,4.673,47223,140.20,13.58,1783,2644,1904,0,ON
2026-01-12 16:30:36.442,26.3,1.06,4.674,47223,140.10,13.68,1770,2617,1886,0,ON
2026-01-12 16:30:37.104,26.2,1.10,4.669,47223,139.98,13.80,1768,2625,1892,0,ON
2026-01-12 16:30:37.785,26.2,1.05,4.676,47223,139.89,13.89,1756,2585,1860,0,ON
2026-01-12 16:30:38.444,26.3,1.08,4.671,47223,139.77,14.01,1749,2576,1855,0,ON
2026-01-12 16:30:39.125,26.3,1.11,4.667,47223,139.67,14.11,1799,2666,1920,0,ON
2026-01-12 16:30:39.785,26.3,1.05,4.675,47223,139.56,14.22,1822,2695,1942,0,ON
2026-01-12 16:30:40.465,26.3,1.07,4.672,47223,139.46,14.32,1778,2617,1884,0,ON
2026-01-12 16:30:41.126,26.4,1.05,4.675,47223,139.34,14.44,1771,2612,1881,0,ON
2026-01-12 16:30:41.809,26.4,1.08,4.671,47223,139.23,14.55,1817,2682,1930,0,ON
2026-01-12 16:30:42.469,26.3,1.06,4.673,47223,139.12,14.66,1786,2628,1893,0,ON
2026-01-12 16:30:43.148,26.4,1.07,4.673,47223,139.01,14.77,1733,2548,1834,0,ON
2026-01-12 16:30:43.816,26.4,1.09,4.670,47223,138.91,14.87,1751,2588,1865,0,ON
2026-01-12 16:30:44.498,26.4,1.09,4.671,47223,138.79,14.99,1745,2563,1843,0,ON
2026-01-12 16:30:45.158,26.4,1.06,4.674,47223,138.70,15.08,1775,2613,1883,0,ON
2026-01-12 16:30:45.838,26.4,1.07,4.673,47223,138.58,15.19,1810,2669,1919,0,ON
2026-01-12 16:30:46.503,26.4,1.06,4.674,47223,138.47,15.31,1774,2618,1889,0,ON
2026-01-12 16:30:47.182,26.4,1.05,4.675,47223,138.37,15.40,1756,2596,1892,0,ON
2026-01-12 16:30:47.841,26.4,1.07,4.672,47223,138.26,15.52,1785,2623,1889,0,ON
2026-01-12 16:30:48.527,26.4,1.05,4.675,47223,138.15,15.63,1760,2581,1857,0,ON
2026-01-12 16:30:49.187,26.4,1.05,4.675,47223,138.04,15.74,1762,2589,1863,0,ON
2026-01-12 16:30:49.866,26.4,1.08,4.672,47223,137.94,15.84,1743,2572,1849,0,ON
2026-01-12 16:30:50.528,26.4,1.07,4.673,47223,137.82,15.95,1756,2586,1864,0,ON
2026-01-12 16:30:51.211,26.4,1.09,4.669,47223,137.72,16.05,1739,2559,1842,0,ON
2026-01-12 16:30:51.873,26.4,1.06,4.673,47223,137.61,16.17,1755,2580,1858,0,ON
2026-01-12 16:30:52.551,26.4,1.04,4.677,47223,137.51,16.26,1784,2643,1905,0,ON
2026-01-12 16:30:53.213,26.4,1.08,4.671,47223,137.39,16.39,1779,2615,1882,0,ON
2026-01-12 16:30:53.894,26.4,1.03,4.677,47223,137.29,16.48,1803,2649,1907,0,ON
2026-01-12 16:30:54.555,26.5,1.05,4.675,47223,137.18,16.59,1818,2678,1927,0,ON
2026-01-12 16:30:55.237,26.5,1.11,4.668,47223,137.07,16.71,1799,2644,1904,0,ON
2026-01-12 16:30:55.900,26.5,1.06,4.674,47223,136.97,16.81,1776,2600,1872,0,ON
2026-01-12 16:30:56.580,26.5,1.04,4.676,47223,136.85,16.93,1786,2636,1898,0,ON
2026-01-12 16:30:57.243,26.5,1.07,4.672,47223,136.75,17.02,1798,2648,1907,0,ON
2026-01-12 16:30:57.926,26.5,1.07,4.673,47223,136.64,17.14,1755,2578,1858,0,ON
2026-01-12 16:30:58.588,26.5,1.10,4.669,47223,136.54,17.24,1796,2661,1919,0,ON
2026-01-12 16:30:59.269,26.5,1.03,4.677,47223,136.43,17.35,1853,2724,1963,0,ON
2026-01-12 16:30:59.929,26.5,1.05,4.675,47223,136.33,17.45,1753,2570,1850,0,ON
2026-01-12 16:31:00.609,26.5,1.05,4.675,47223,136.21,17.57,1807,2673,1925,0,ON
2026-01-12 16:31:01.271,26.5,1.07,4.673,47223,136.10,17.68,1831,2695,1943,0,ON
2026-01-12 16:31:01.950,26.5,1.03,4.678,47223,136.00,17.77,1808,2651,1905,0,ON
2026-01-12 16:31:02.611,26.5,1.06,4.674,47223,135.89,17.89,1799,2653,1912,0,ON
2026-01-12 16:31:03.304,26.5,1.06,4.673,47223,135.79,17.99,1821,2679,1928,0,ON
2026-01-12 16:31:03.964,26.6,1.05,4.676,47223,135.68,18.10,1796,2641,1900,0,ON
2026-01-12 16:31:04.643,26.6,1.06,4.673,47223,135.57,18.21,1797,2639,1900,0,ON
2026-01-12 16:31:05.312,26.6,1.05,4.675,47223,135.45,18.33,1789,2626,1890,0,ON
2026-01-12 16:31:05.989,26.6,1.06,4.674,47223,135.36,18.42,1775,2610,1880,0,ON
2026-01-12 16:31:06.651,26.6,1.11,4.668,47223,135.24,18.54,1852,2705,1950,0,ON
2026-01-12 16:31:07.337,26.6,1.07,4.673,47223,135.14,18.64,1806,2649,1908,0,ON
2026-01-12 16:31:07.999,26.6,1.09,4.670,47223,135.02,18.76,1807,2656,1914,0,ON
2026-01-12 16:31:08.679,26.6,1.06,4.674,47223,134.91,18.86,1864,2730,1966,0,ON
2026-01-12 16:31:09.338,26.6,1.05,4.675,47223,134.81,18.97,1822,2672,1925,0,ON
2026-01-12 16:31:10.020,26.6,1.05,4.676,47223,134.69,19.09,1845,2726,1967,0,ON
2026-01-12 16:31:10.683,26.6,1.06,4.674,47223,134.60,19.18,1847,2707,1948,0,ON
2026-01-12 16:31:11.363,26.6,1.06,4.674,47223,134.48,19.30,1807,2649,1908,0,ON
2026-01-12 16:31:12.025,26.6,1.08,4.671,47223,134.38,19.40,1805,2642,1902,0,ON
2026-01-12 16:31:12.707,26.6,1.05,4.676,47223,134.27,19.51,1795,2621,1887,0,ON
2026-01-12 16:31:13.369,26.6,1.05,4.675,47223,134.14,19.63,1818,2657,1912,0,ON
2026-01-12 16:31:14.050,26.7,1.09,4.671,47223,134.05,19.73,1809,2658,1916,0,ON
2026-01-12 16:31:14.721,26.8,1.06,4.674,47223,133.94,19.84,1819,2662,1919,0,ON
2026-01-12 16:31:15.400,26.7,1.08,4.672,47223,133.83,19.94,1825,2668,1922,0,ON
2026-01-12 16:31:16.064,26.7,1.06,4.674,47223,133.73,20.05,1838,2680,1930,0,ON
2026-01-12 16:31:16.748,26.7,1.07,4.673,47223,133.62,20.15,1780,2616,1886,0,ON
2026-01-12 16:31:17.408,26.7,1.06,4.674,47223,133.51,20.27,1855,2718,1934,0,ON
2026-01-12 16:31:18.091,26.7,1.04,4.676,47223,133.41,20.37,1810,2649,1908,0,ON
2026-01-12 16:31:18.749,26.8,1.04,4.677,47223,133.30,20.48,1806,2650,1908,0,ON
2026-01-12 16:31:19.432,26.7,1.15,4.662,47223,133.18,20.59,1835,2679,1931,0,ON
2026-01-12 16:31:20.091,26.7,1.12,4.667,47223,133.08,20.69,1846,2700,1918,0,ON
2026-01-12 16:31:20.772,26.7,1.04,4.676,47223,132.97,20.81,1822,2674,1927,0,ON
2026-01-12 16:31:21.433,26.7,1.10,4.669,47223,132.87,20.91,1858,2712,1956,0,ON
2026-01-12 16:31:22.115,26.8,1.04,4.676,47223,132.75,21.02,1860,2723,1964,0,ON
2026-01-12 16:31:22.782,26.7,1.06,4.673,47223,132.65,21.13,1849,2704,1947,0,ON
2026-01-12 16:31:23.463,26.8,1.08,4.672,47223,132.54,21.24,1870,2728,1964,0,ON
2026-01-12 16:31:24.131,26.8,1.05,4.675,47223,132.44,21.34,1904,2772,2000,0,ON
2026-01-12 16:31:24.811,26.8,1.07,4.673,47223,132.32,21.45,1816,2659,1917,0,ON
2026-01-12 16:31:25.471,26.8,1.17,4.660,47223,132.21,21.57,1811,2644,1904,0,ON
2026-01-12 16:31:26.155,26.8,1.08,4.671,47223,132.11,21.67,1797,2622,1889,0,ON
2026-01-12 16:31:26.814,26.8,1.07,4.672,47223,131.99,21.78,1810,2648,1909,0,ON
2026-01-12 16:31:27.492,26.8,1.10,4.668,47223,131.90,21.88,1875,2742,1976,0,ON
2026-01-12 16:31:28.152,26.8,1.07,4.673,47223,131.78,22.00,1832,2669,1922,0,ON
2026-01-12 16:31:28.832,26.8,1.16,4.661,47223,131.68,22.10,1851,2705,1948,0,ON
2026-01-12 16:31:29.498,26.8,1.07,4.673,47223,131.56,22.22,1882,2749,1980,0,ON
2026-01-12 16:31:30.178,26.8,1.04,4.676,47223,131.46,22.32,1884,2750,1981,0,ON
2026-01-12 16:31:30.840,26.8,1.06,4.674,47223,131.35,22.43,1814,2646,1906,0,ON
2026-01-12 16:31:31.519,26.8,1.08,4.671,47223,131.25,22.53,1844,2696,1943,0,ON
2026-01-12 16:31:32.179,26.8,1.06,4.674,47223,131.13,22.64,1861,2720,1959,0,ON
2026-01-12 16:31:32.859,26.8,1.10,4.669,47223,131.03,22.74,1873,2727,1966,0,ON
2026-01-12 16:31:33.525,26.8,1.08,4.671,47223,130.92,22.86,1824,2667,1922,0,ON
2026-01-12 16:31:34.205,26.9,1.05,4.676,47223,130.80,22.98,1881,2754,1985,0,ON
2026-01-12 16:31:34.869,26.9,1.11,4.668,47223,130.70,23.08,1865,2720,1961,0,ON
2026-01-12 16:31:35.550,26.9,1.08,4.672,47223,130.59,23.19,1905,2775,1998,0,ON
2026-01-12 16:31:36.213,26.9,1.06,4.673,47223,130.48,23.29,1835,2675,1928,0,ON
2026-01-12 16:31:36.894,26.9,1.07,4.672,47223,130.37,23.41,1865,2716,1960,0,ON
2026-01-12 16:31:37.557,26.9,1.06,4.674,47223,130.27,23.51,1844,2680,1929,0,ON
2026-01-12 16:31:38.240,26.9,1.09,4.669,47223,130.16,23.62,1871,2739,1977,0,ON
2026-01-12 16:31:38.900,26.9,1.07,4.673,47223,130.04,23.74,1872,2732,1969,0,ON
2026-01-12 16:31:39.579,26.9,1.10,4.669,47223,129.94,23.83,1859,2711,1951,0,ON
2026-01-12 16:31:40.240,26.9,1.08,4.671,47223,129.83,23.95,1856,2712,1954,0,ON
2026-01-12 16:31:40.922,26.9,1.06,4.673,47223,129.73,24.05,1870,2729,1967,0,ON
2026-01-12 16:31:41.581,26.9,1.07,4.673,47223,129.62,24.16,1869,2729,1968,0,ON
2026-01-12 16:31:42.268,26.9,1.06,4.674,47223,129.51,24.27,1875,2722,1961,0,ON
2026-01-12 16:31:42.936,26.9,1.07,4.673,47223,129.40,24.38,1865,2715,1957,0,ON
2026-01-12 16:31:43.615,26.9,1.06,4.673,47223,129.30,24.48,1835,2680,1929,0,ON
2026-01-12 16:31:44.275,26.9,1.10,4.668,47223,129.18,24.60,1881,2735,1970,0,ON
2026-01-12 16:31:44.960,27.0,1.07,4.672,47223,129.08,24.70,1869,2722,1962,0,ON
2026-01-12 16:31:45.620,27.0,1.06,4.674,47223,128.97,24.81,1889,2750,1979,0,ON
2026-01-12 16:31:46.303,27.0,1.09,4.670,47223,128.85,24.93,1911,2785,2007,0,ON
2026-01-12 16:31:46.963,27.0,1.10,4.669,47223,128.76,25.02,1884,2764,1992,0,ON
2026-01-12 16:31:47.642,26.9,1.15,4.662,47223,128.64,25.14,1853,2713,1957,0,ON
2026-01-12 16:31:48.304,27.0,1.09,4.670,47223,128.54,25.24,1865,2717,1962,0,ON
2026-01-12 16:31:48.982,27.0,1.05,4.675,47223,128.43,25.35,1873,2731,1969,0,ON
2026-01-12 16:31:49.644,26.9,1.08,4.671,47223,128.33,25.45,1860,2716,1961,0,ON
2026-01-12 16:31:50.326,27.0,1.08,4.671,47223,128.21,25.56,1925,2805,2023,0,ON
2026-01-12 16:31:50.987,27.0,1.05,4.676,47223,128.12,25.66,1938,2819,2030,0,ON
2026-01-12 16:31:51.667,27.0,1.11,4.668,47223,128.00,25.78,1906,2777,2004,0,ON
2026-01-12 16:31:52.330,27.0,1.05,4.675,47223,127.88,25.90,1861,2704,1948,0,ON
2026-01-12 16:31:53.010,27.1,1.07,4.673,47223,127.78,25.99,1869,2723,1975,0,ON
2026-01-12 16:31:53.672,27.1,1.10,4.669,47223,127.67,26.11,1879,2736,1974,0,ON
2026-01-12 16:31:54.360,27.1,1.07,4.672,47223,127.57,26.21,1878,2725,1967,0,ON
2026-01-12 16:31:55.021,27.1,1.07,4.672,47223,127.46,26.32,1878,2735,1969,0,ON
2026-01-12 16:31:55.704,27.1,1.06,4.674,47223,127.36,26.42,1903,2770,1997,0,ON
2026-01-12 16:31:56.366,27.1,1.07,4.672,47223,127.24,26.54,1898,2777,2001,0,ON
2026-01-12 16:31:57.047,27.1,1.06,4.673,47223,127.14,26.64,1902,2761,1995,0,ON
2026-01-12 16:31:57.706,27.1,1.07,4.672,47223,127.03,26.75,1884,2737,1974,0,ON
2026-01-12 16:31:58.384,27.1,1.07,4.673,47223,126.93,26.85,1918,2781,2005,0,ON
2026-01-12 16:31:59.048,27.1,1.08,4.671,47223,126.81,26.97,1898,2758,1990,0,ON
2026-01-12 16:31:59.729,27.1,1.06,4.673,47223,126.70,27.08,1925,2821,2032,0,ON
2026-01-12 16:32:00.389,27.1,1.06,4.673,47223,126.59,27.19,1950,2830,2040,0,ON
2026-01-12 16:32:01.071,27.1,1.06,4.674,47223,126.48,27.29,1933,2807,2024,0,ON
2026-01-12 16:32:01.738,27.1,1.07,4.673,47223,126.39,27.39,1933,2806,2026,0,ON
2026-01-12 16:32:02.417,27.1,1.05,4.675,47223,126.27,27.51,1874,2719,1959,0,ON
2026-01-12 16:32:03.078,27.1,1.09,4.670,47223,126.17,27.61,1879,2726,1964,0,ON
2026-01-12 16:32:03.760,27.1,1.04,4.676,47223,126.05,27.73,1898,2751,1982,0,ON
2026-01-12 16:32:04.420,27.1,1.06,4.674,47223,125.95,27.83,1899,2754,1986,0,ON
2026-01-12 16:32:05.103,27.2,1.07,4.672,47223,125.84,27.94,1886,2738,1972,0,ON
2026-01-12 16:32:05.768,27.1,1.07,4.672,47223,125.73,28.05,1905,2763,1991,0,ON
2026-01-12 16:32:06.447,27.1,1.05,4.675,47223,125.63,28.15,1909,2809,2025,0,ON
2026-01-12 16:32:07.105,27.1,1.06,4.673,47223,125.51,28.27,1913,2782,2008,0,ON
2026-01-12 16:32:07.788,27.1,1.08,4.671,47223,125.40,28.37,1947,2819,2032,0,ON
2026-01-12 16:32:08.454,27.1,1.06,4.673,47223,125.29,28.48,1944,2824,2035,0,ON
2026-01-12 16:32:09.134,27.2,1.07,4.673,47223,125.19,28.58,1910,2776,2001,0,ON
2026-01-12 16:32:09.795,27.1,1.07,4.672,47223,125.08,28.70,1882,2731,1969,0,ON
2026-01-12 16:32:10.476,27.1,1.06,4.673,47223,124.98,28.80,1935,2807,2024,0,ON
2026-01-12 16:32:11.137,27.2,1.09,4.670,47223,124.87,28.91,1909,2766,1995,0,ON
2026-01-12 16:32:11.816,27.2,1.04,4.676,47223,124.76,29.02,1893,2748,1984,0,ON
2026-01-12 16:32:12.477,27.2,1.10,4.669,47223,124.65,29.13,1932,2800,2020,0,ON
2026-01-12 16:32:13.162,27.2,1.07,4.673,46882,124.56,29.22,1946,2820,2033,0,ON
2026-01-12 16:32:13.820,27.2,1.08,4.672,46882,124.44,29.34,1932,2805,2021,0,ON
2026-01-12 16:32:14.499,27.2,1.08,4.671,46530,124.32,29.46,1912,2770,1997,0,ON
2026-01-12 16:32:15.166,27.2,1.07,4.673,46530,124.22,29.55,1959,2842,2047,0,ON
2026-01-12 16:32:15.844,27.2,1.06,4.674,46298,124.11,29.67,1897,2747,1976,0,ON
2026-01-12 16:32:16.507,27.2,1.15,4.662,46298,124.01,29.77,1901,2753,1986,0,ON
2026-01-12 16:32:17.193,27.2,1.08,4.672,45952,123.90,29.88,1904,2756,1987,0,ON
2026-01-12 16:32:17.852,27.2,1.04,4.676,45952,123.79,29.99,1929,2793,2014,0,ON
2026-01-12 16:32:18.534,27.2,1.09,4.670,45667,123.68,30.10,1937,2814,2028,0,ON
2026-01-12 16:32:19.192,27.2,1.06,4.674,45667,123.57,30.21,1938,2812,2029,0,ON
2026-01-12 16:32:19.872,27.2,1.09,4.670,45330,123.47,30.31,1936,2802,2018,0,ON
2026-01-12 16:32:20.534,27.2,1.07,4.672,45330,123.35,30.43,1951,2827,2038,0,ON
2026-01-12 16:32:21.220,27.2,1.05,4.675,45052,123.25,30.53,1940,2802,2019,0,ON
2026-01-12 16:32:21.881,27.2,1.14,4.664,45052,123.14,30.64,1974,2857,2059,0,ON
2026-01-12 16:32:22.567,27.3,1.07,4.673,44666,123.04,30.74,1920,2772,1998,0,ON
2026-01-12 16:32:23.226,27.2,1.07,4.673,44666,122.92,30.86,1906,2759,1990,0,ON
2026-01-12 16:32:23.905,27.3,1.11,4.668,44339,122.83,30.95,1962,2841,2047,0,ON
2026-01-12 16:32:24.571,27.3,1.04,4.676,44339,122.71,31.07,1933,2854,2058,0,ON
2026-01-12 16:32:25.250,27.2,1.06,4.673,43911,122.61,31.17,1958,2833,2042,0,ON
2026-01-12 16:32:25.911,27.3,1.10,4.668,43911,122.50,31.28,1986,2871,2070,0,ON
2026-01-12 16:32:26.593,27.2,1.07,4.673,43541,122.40,31.38,1973,2854,2058,0,ON
2026-01-12 16:32:27.254,27.3,1.16,4.661,43541,122.28,31.50,1934,2799,2017,0,ON
2026-01-12 16:32:27.935,27.3,1.14,4.664,43227,122.17,31.61,1933,2786,2011,0,ON
2026-01-12 16:32:28.595,27.3,1.10,4.669,43227,122.06,31.72,1966,2845,2052,0,ON
2026-01-12 16:32:29.278,27.3,1.12,4.666,42969,121.95,31.83,1956,2826,2038,0,ON
2026-01-12 16:32:29.937,27.3,1.09,4.670,42969,121.85,31.93,1969,2845,2050,0,ON
2026-01-12 16:32:30.617,27.3,1.06,4.674,42714,121.73,32.05,1940,2806,2023,0,ON
2026-01-12 16:32:31.277,27.3,1.09,4.669,42714,121.64,32.14,1957,2833,2042,0,ON
2026-01-12 16:32:31.962,27.4,1.12,4.666,42359,121.52,32.25,1930,2793,2012,0,ON
2026-01-12 16:32:32.621,27.4,1.11,4.667,42359,121.41,32.37,1930,2794,2013,0,ON
2026-01-12 16:32:33.303,27.4,1.13,4.665,41959,121.31,32.47,1965,2842,2048,0,ON
2026-01-12 16:32:33.972,27.4,1.07,4.672,41959,121.19,32.59,1978,2861,2062,0,ON
2026-01-12 16:32:34.653,27.4,1.09,4.669,41566,121.09,32.69,1947,2813,2026,0,ON
2026-01-12 16:32:35.314,27.3,1.09,4.669,41566,120.97,32.80,1974,2841,2046,0,ON
2026-01-12 16:32:36.002,27.4,1.11,4.667,41275,120.88,32.90,1996,2884,2078,0,ON
2026-01-12 16:32:36.663,27.4,1.10,4.669,41275,120.76,33.02,1981,2857,2058,0,ON
2026-01-12 16:32:37.346,27.4,1.09,4.670,41034,120.66,33.12,1957,2824,2035,0,ON
2026-01-12 16:32:38.007,27.4,1.10,4.668,41034,120.55,33.23,1936,2796,2017,0,ON
2026-01-12 16:32:38.689,27.4,1.10,4.669,40797,120.44,33.34,1989,2869,2068,0,ON
2026-01-12 16:32:39.349,27.4,1.11,4.668,40797,120.33,33.44,1976,2851,2058,0,ON
2026-01-12 16:32:40.027,27.4,1.09,4.670,40374,120.22,33.56,1962,2838,2046,0,ON
2026-01-12 16:32:40.693,27.4,1.11,4.667,40374,120.12,33.66,1974,2850,2054,0,ON
2026-01-12 16:32:41.374,27.4,1.08,4.671,40049,120.00,33.78,1986,2871,2069,0,ON
2026-01-12 16:32:42.040,27.4,1.07,4.672,40049,119.90,33.88,2005,2895,2086,0,ON
2026-01-12 16:32:42.722,27.4,1.14,4.663,39683,119.79,33.98,1978,2851,2053,0,ON
2026-01-12 16:32:43.391,27.4,1.05,4.675,39683,119.69,34.09,1974,2851,2055,0,ON
2026-01-12 16:32:44.070,27.4,1.14,4.663,39412,119.58,34.20,1967,2842,2048,0,ON
2026-01-12 16:32:44.730,27.4,1.10,4.669,39412,119.46,34.32,1980,2855,2059,0,ON
2026-01-12 16:32:45.414,27.4,1.10,4.668,39099,119.36,34.42,2017,2909,2098,0,ON
2026-01-12 16:32:46.074,27.4,1.09,4.670,39099,119.24,34.54,1991,2863,2065,0,ON
2026-01-12 16:32:46.754,27.5,1.12,4.666,38675,119.15,34.63,1981,2862,2063,0,ON
2026-01-12 16:32:47.419,27.4,1.07,4.672,38675,119.03,34.74,1993,2874,2071,0,ON
2026-01-12 16:32:48.099,27.4,1.12,4.666,38486,118.93,34.84,2031,2932,2113,0,ON
2026-01-12 16:32:48.761,27.5,1.11,4.667,38486,118.82,34.96,2009,2895,2088,0,ON
2026-01-12 16:32:49.440,27.5,1.08,4.672,38270,118.71,35.07,2003,2886,2079,0,ON
2026-01-12 16:32:50.101,27.5,1.12,4.666,38270,118.60,35.18,1931,2785,2008,0,ON
2026-01-12 16:32:50.783,27.5,1.13,4.665,37859,118.50,35.28,1956,2821,2034,0,ON
2026-01-12 16:32:51.444,27.5,1.09,4.669,37859,118.38,35.39,1986,2859,2060,0,ON
2026-01-12 16:32:52.124,27.5,1.08,4.671,37524,118.27,35.51,2017,2908,2096,0,ON
2026-01-12 16:32:52.789,27.5,1.10,4.669,37524,118.17,35.60,1992,2872,2071,0,ON
2026-01-12 16:32:53.469,27.5,1.07,4.672,37177,118.05,35.72,2013,2902,2092,0,ON
2026-01-12 16:32:54.130,27.6,1.14,4.663,37177,117.95,35.82,2011,2896,2086,0,ON
2026-01-12 16:32:54.814,27.6,1.09,4.670,36891,117.85,35.93,1966,2831,2040,0,ON
2026-01-12 16:32:55.476,27.6,1.08,4.671,36891,117.74,36.04,1983,2853,2055,0,ON
2026-01-12 16:32:56.156,27.5,1.16,4.660,36569,117.62,36.15,2002,2883,2076,0,ON
2026-01-12 16:32:56.824,27.5,1.14,4.663,36569,117.62,36.15,2014,2904,2092,0,ON
2026-01-12 16:32:57.501,27.5,1.11,4.668,36329,117.42,36.36,2011,2895,2086,0,ON
2026-01-12 16:32:58.162,27.6,1.14,4.664,36329,117.29,36.48,1976,2844,2050,0,ON
2026-01-12 16:32:58.840,27.6,1.15,4.662,36015,117.19,36.58,2017,2904,2092,0,ON
2026-01-12 16:32:59.502,27.6,1.14,4.663,36015,117.08,36.70,1977,2847,2050,0,ON
2026-01-12 16:33:00.189,27.6,1.13,4.665,35549,116.99,36.79,2001,2879,2076,0,ON
2026-01-12 16:33:00.849,27.6,1.11,4.667,35549,116.87,36.91,2028,2921,2104,0,ON
2026-01-12 16:33:01.529,27.6,1.19,4.658,35207,116.77,37.01,2022,2914,2100,0,ON
2026-01-12 16:33:02.191,27.6,1.13,4.665,35207,116.65,37.12,1994,2870,2065,0,ON
2026-01-12 16:33:02.869,27.6,1.15,4.662,35093,116.55,37.23,2031,2926,2109,0,ON
2026-01-12 16:33:03.532,27.6,1.19,4.657,35093,116.44,37.34,2031,2921,2106,0,ON
2026-01-12 16:33:04.215,27.6,1.12,4.665,34756,116.34,37.44,2004,2886,2080,0,ON
2026-01-12 16:33:04.878,27.6,1.11,4.668,34756,116.22,37.56,2007,2890,2084,0,ON
2026-01-12 16:33:05.559,27.6,1.11,4.667,34462,116.11,37.67,2015,2891,2084,0,ON
2026-01-12 16:33:06.225,27.6,1.11,4.668,34462,116.01,37.77,2009,2894,2085,0,ON
2026-01-12 16:33:06.903,27.6,1.13,4.665,34099,115.90,37.88,2024,2917,2102,0,ON
2026-01-12 16:33:07.564,27.6,1.17,4.660,34099,115.79,37.99,2021,2911,2095,0,ON
2026-01-12 16:33:08.245,27.6,1.13,4.665,33719,115.68,38.10,2038,2937,2117,0,ON
2026-01-12 16:33:08.904,27.6,1.19,4.657,33719,115.58,38.20,2017,2907,2097,0,ON
2026-01-12 16:33:09.584,27.6,1.12,4.666,33471,115.47,38.31,1986,2853,2053,0,ON
2026-01-12 16:33:10.243,27.6,1.11,4.667,33471,115.36,38.42,1982,2851,2056,0,ON
2026-01-12 16:33:10.925,27.6,1.18,4.658,33145,115.25,38.53,2022,2904,2095,0,ON
2026-01-12 16:33:11.591,27.6,1.14,4.664,33145,115.14,38.64,2018,2901,2093,0,ON
2026-01-12 16:33:12.275,27.6,1.13,4.664,32938,115.03,38.75,2001,2876,2072,0,ON
2026-01-12 16:33:12.939,27.7,1.17,4.660,32938,114.92,38.86,2049,2946,2122,0,ON
2026-01-12 16:33:13.623,27.7,1.14,4.663,32632,114.82,38.96,2044,2939,2117,0,ON
2026-01-12 16:33:14.281,27.7,1.12,4.667,32632,114.71,39.07,2029,2919,2105,0,ON
2026-01-12 16:33:14.963,27.6,1.17,4.660,32330,114.61,39.17,2016,2891,2086,0,ON
2026-01-12 16:33:15.629,27.7,1.12,4.665,32330,114.49,39.29,2021,2909,2098,0,ON
2026-01-12 16:33:16.307,27.6,1.11,4.667,32066,114.40,39.38,2022,2908,2098,0,ON
2026-01-12 16:33:16.969,27.7,1.12,4.665,32066,114.28,39.50,2025,2914,2101,0,ON
2026-01-12 16:33:17.648,27.7,1.10,4.669,31772,114.18,39.60,2018,2901,2094,0,ON
2026-01-12 16:33:18.308,27.7,1.22,4.654,31772,114.06,39.72,2049,2947,2125,0,ON
2026-01-12 16:33:18.989,27.7,1.18,4.658,31482,113.95,39.83,2030,2921,2107,0,ON
2026-01-12 16:33:19.654,27.7,1.21,4.654,31482,113.86,39.92,2017,2898,2090,0,ON
2026-01-12 16:33:20.333,27.7,1.14,4.663,31100,113.73,40.05,2002,2879,2075,0,ON
2026-01-12 16:33:20.999,27.7,1.13,4.665,31100,113.63,40.15,2028,2913,2100,0,ON
2026-01-12 16:33:21.679,27.7,1.13,4.665,30881,113.52,40.26,2022,2901,2075,0,ON
2026-01-12 16:33:22.341,27.7,1.20,4.656,30881,113.43,40.35,2075,2983,2154,0,ON
2026-01-12 16:33:23.030,27.7,1.21,4.654,30633,113.31,40.47,2062,2965,2138,0,ON
2026-01-12 16:33:23.689,27.7,1.18,4.658,30633,113.19,40.59,2048,2945,2124,0,ON
2026-01-12 16:33:24.373,27.8,1.21,4.654,30358,113.09,40.68,2019,2902,2094,0,ON
2026-01-12 16:33:25.035,27.7,1.11,4.667,30358,112.98,40.80,2035,2920,2108,0,ON
2026-01-12 16:33:25.716,27.8,1.21,4.654,29996,112.88,40.90,2030,2917,2116,0,ON
2026-01-12 16:33:26.376,27.8,1.25,4.649,29996,112.76,41.02,2024,2909,2098,0,ON
2026-01-12 16:33:27.057,27.8,1.15,4.663,29699,112.66,41.12,2047,2941,2121,0,ON
2026-01-12 16:33:27.719,27.8,1.22,4.652,29699,112.55,41.23,2070,2973,2145,0,ON
2026-01-12 16:33:28.400,27.8,1.25,4.649,29436,112.44,41.33,2043,2934,2116,0,ON
2026-01-12 16:33:29.064,27.8,1.14,4.664,29436,112.33,41.44,2033,2919,2105,0,ON
2026-01-12 16:33:29.745,27.8,1.23,4.652,29090,112.24,41.54,2064,2966,2140,0,ON
2026-01-12 16:33:30.405,27.8,1.14,4.663,29090,112.12,41.66,2046,2937,2119,0,ON
2026-01-12 16:33:31.085,27.8,1.23,4.652,28778,112.00,41.78,2017,2897,2093,0,ON
2026-01-12 16:33:31.747,27.8,1.15,4.662,28778,111.91,41.87,2046,2941,2122,0,ON
2026-01-12 16:33:32.432,27.8,1.18,4.658,28554,111.79,41.99,2035,2921,2109,0,ON
2026-01-12 16:33:33.091,27.8,1.24,4.650,28554,111.69,42.09,2040,2929,2114,0,ON
2026-01-12 16:33:33.778,27.9,1.23,4.652,28251,111.57,42.20,2069,2968,2145,0,ON
2026-01-12 16:33:34.441,27.8,1.17,4.660,28251,111.47,42.30,2035,2921,2109,0,ON
2026-01-12 16:33:35.121,27.8,1.17,4.659,27978,111.37,42.41,2042,2931,2113,0,ON
2026-01-12 16:33:35.784,27.8,1.28,4.645,27978,111.25,42.53,2034,2917,2103,0,ON
2026-01-12 16:33:36.462,27.8,1.22,4.652,27603,111.15,42.63,2052,2938,2121,0,ON
2026-01-12 16:33:37.122,27.8,1.25,4.649,27603,111.03,42.74,2075,2981,2152,0,ON
2026-01-12 16:33:37.801,27.8,1.27,4.646,27392,110.93,42.85,2057,2956,2135,0,ON
2026-01-12 16:33:38.465,27.8,1.18,4.658,27392,110.82,42.96,2031,2915,2104,0,ON
2026-01-12 16:33:39.150,27.8,1.22,4.653,27028,110.71,43.07,2058,2955,2132,0,ON
2026-01-12 16:33:39.815,27.8,1.19,4.657,27028,110.60,43.18,2053,2943,2129,0,ON
2026-01-12 16:33:40.493,27.8,1.23,4.652,26722,110.51,43.27,2026,2907,2098,0,ON
2026-01-12 16:33:41.155,27.9,1.30,4.642,26722,110.38,43.40,2064,2959,2137,0,ON
2026-01-12 16:33:41.841,27.8,1.35,4.637,26545,110.28,43.50,2069,2968,2144,0,ON
2026-01-12 16:33:42.501,27.9,1.38,4.633,26545,110.17,43.61,2048,2941,2123,0,ON
2026-01-12 16:33:43.183,27.9,1.36,4.634,26246,110.07,43.71,2044,2929,2118,0,ON
2026-01-12 16:33:43.849,27.9,1.34,4.638,26246,109.95,43.83,2018,2893,2092,0,ON
2026-01-12 16:33:44.528,27.9,1.34,4.637,25975,109.84,43.93,2053,2936,2124,0,ON
2026-01-12 16:33:45.192,27.9,1.41,4.628,25975,109.74,44.03,2060,2950,2132,0,ON
2026-01-12 16:33:45.870,27.9,1.33,4.639,25710,109.62,44.15,2057,2952,2134,0,ON
2026-01-12 16:33:46.546,27.9,1.40,4.629,25710,109.51,44.27,2076,2973,2122,0,ON
2026-01-12 16:33:47.229,27.9,1.40,4.630,25423,109.41,44.36,2037,2914,2109,0,ON
2026-01-12 16:33:47.892,27.9,1.49,4.618,25423,109.30,44.48,2048,2924,2122,0,ON
2026-01-12 16:33:48.577,27.9,1.54,4.611,25165,109.19,44.58,2083,2984,2158,0,ON
2026-01-12 16:33:49.242,27.9,1.44,4.625,25165,109.08,44.70,2071,2964,2147,0,ON
2026-01-12 16:33:49.922,27.9,1.50,4.617,24818,108.98,44.80,2093,2992,2168,0,ON
2026-01-12 16:33:50.585,27.9,1.56,4.609,24818,108.87,44.91,2046,2924,2118,0,ON
2026-01-12 16:33:51.270,27.9,1.52,4.613,24590,108.77,45.01,2020,2886,2087,0,ON
2026-01-12 16:33:51.932,27.9,1.59,4.604,24590,108.65,45.13,2062,2941,2136,0,ON
2026-01-12 16:33:52.616,27.9,1.52,4.614,24276,108.53,45.25,2052,2930,2123,0,ON
2026-01-12 16:33:53.284,27.9,1.51,4.615,24276,108.44,45.34,2061,2938,2135,0,ON
2026-01-12 16:33:53.967,27.9,1.64,4.598,24034,108.32,45.46,2085,2980,2159,0,ON
2026-01-12 16:33:54.633,27.9,1.66,4.595,24034,108.22,45.56,2054,2939,2128,0,ON
2026-01-12 16:33:55.323,27.9,1.61,4.602,23708,108.11,45.67,2050,2918,2123,0,ON
2026-01-12 16:33:55.986,28.0,1.77,4.581,23708,107.99,45.79,2069,2941,2143,0,ON
2026-01-12 16:33:56.668,27.9,1.81,4.576,23473,107.89,45.89,2060,2934,2131,0,ON
2026-01-12 16:33:57.338,27.9,1.77,4.581,23473,107.77,46.01,2052,2911,2127,0,ON
2026-01-12 16:33:58.025,27.9,1.94,4.559,23220,107.67,46.11,2032,2884,2102,0,ON
2026-01-12 16:33:58.685,28.0,1.94,4.560,23220,107.56,46.22,2031,2882,2098,0,ON
2026-01-12 16:33:59.370,27.9,2.02,4.549,22930,107.46,46.32,2040,2887,2110,0,ON
2026-01-12 16:34:00.039,27.9,2.17,4.529,22930,107.34,46.44,2057,2916,2131,0,ON
2026-01-12 16:34:00.721,28.0,2.11,4.537,22644,107.23,46.55,2048,2879,2118,0,ON
2026-01-12 16:34:01.383,28.0,2.54,4.482,22644,107.13,46.65,2072,2919,2143,0,ON
2026-01-12 16:34:02.066,28.0,2.56,4.478,22323,107.01,46.76,2061,2875,2134,0,ON
2026-01-12 16:34:02.728,27.9,2.99,4.422,22323,106.90,46.87,2015,2792,2080,0,ON
2026-01-12 16:34:03.410,28.0,3.08,4.411,22087,106.79,46.98,2028,2730,2090,0,ON
2026-01-12 16:34:04.078,28.0,3.85,4.311,22087,106.68,47.10,1962,2468,2014,0,ON
2026-01-12 16:34:04.766,28.0,5.25,4.128,21989,106.58,47.19,1868,2128,1906,0,ON
2026-01-12 16:34:05.429,28.0,7.30,3.875,21989,106.47,47.31,1761,1751,1780,0,ON
2026-01-12 16:34:06.112,28.0,9.19,3.682,22028,106.37,47.41,1695,1539,1707,0,ON
2026-01-12 16:34:06.778,28.0,10.07,3.593,22028,106.25,47.53,1703,1470,1712,0,ON
2026-01-12 16:34:07.460,28.1,11.31,3.466,22146,106.15,47.63,1674,1379,1673,0,ON
2026-01-12 16:34:08.126,28.0,13.06,3.288,22146,106.04,47.74,1653,1354,1655,0,ON
2026-01-12 16:34:08.815,28.0,13.55,3.239,22283,105.92,47.86,1670,1364,1670,0,ON
2026-01-12 16:34:09.478,28.1,13.59,3.234,22283,105.82,47.96,1639,1331,1639,0,ON
2026-01-12 16:34:10.162,28.1,13.86,3.207,22503,105.71,48.07,1634,1314,1626,0,ON
2026-01-12 16:34:10.828,28.1,13.90,3.203,22503,105.60,48.18,1648,1331,1646,0,ON
2026-01-12 16:34:11.511,28.0,13.97,3.196,22705,105.49,48.29,1663,1353,1664,0,ON
2026-01-12 16:34:12.175,28.1,13.85,3.207,22705,105.37,48.41,1654,1340,1654,0,ON
2026-01-12 16:34:12.858,28.1,13.87,3.206,22951,105.27,48.51,1637,1317,1633,0,ON
2026-01-12 16:34:13.522,28.1,13.94,3.199,22951,105.15,48.62,1616,1299,1612,0,ON
2026-01-12 16:34:14.204,28.1,14.00,3.176,23158,105.06,48.72,1636,1329,1637,0,ON
2026-01-12 16:34:14.866,28.1,14.00,3.183,23158,104.93,48.85,1650,1337,1649,0,ON
2026-01-12 16:34:15.550,28.1,14.00,3.179,23346,104.84,48.94,1652,1336,1652,0,ON
2026-01-12 16:34:16.221,28.0,13.99,3.193,23346,104.73,49.04,1643,1326,1641,0,ON
2026-01-12 16:34:16.908,28.1,14.00,3.182,23537,104.61,49.17,1647,1332,1647,0,ON
2026-01-12 16:34:17.574,28.1,14.00,3.159,23537,104.51,49.27,1632,1317,1629,0,ON
2026-01-12 16:34:18.259,28.1,14.00,3.174,23622,104.39,49.39,1643,1332,1643,0,ON
2026-01-12 16:34:18.922,28.1,14.00,3.157,23622,104.29,49.48,1674,1363,1676,0,ON
2026-01-12 16:34:19.605,28.0,14.00,3.163,23751,104.18,49.60,1667,1349,1665,0,ON
2026-01-12 16:34:20.276,28.0,14.00,3.162,23751,104.07,49.71,1650,1336,1650,0,ON
2026-01-12 16:34:20.959,28.0,14.00,3.167,23881,103.96,49.82,1631,1324,1631,0,ON
2026-01-12 16:34:21.621,28.1,14.00,3.168,23881,103.85,49.93,1648,1335,1648,0,ON
2026-01-12 16:34:22.306,28.0,14.00,3.165,23991,103.75,50.03,1660,1347,1661,0,ON
2026-01-12 16:34:22.969,28.0,14.00,3.168,23991,103.63,50.15,1650,1341,1649,0,ON
2026-01-12 16:34:23.653,28.0,14.00,3.157,24166,103.53,50.25,1657,1346,1656,0,ON
2026-01-12 16:34:24.316,28.0,14.00,3.155,24166,103.42,50.36,1658,1356,1658,0,ON
2026-01-12 16:34:24.998,28.0,14.00,3.149,24322,103.30,50.48,1633,1323,1633,0,ON
2026-01-12 16:34:25.663,28.0,14.00,3.156,24322,103.20,50.58,1647,1334,1647,0,ON
2026-01-12 16:34:26.344,28.0,14.00,3.143,24411,103.08,50.70,1644,1338,1645,0,ON
2026-01-12 16:34:27.007,28.0,14.00,3.150,24411,102.98,50.80,1669,1359,1669,0,ON
2026-01-12 16:34:27.697,28.0,14.00,3.160,24545,102.87,50.91,1657,1341,1656,0,ON
2026-01-12 16:34:28.359,28.0,14.00,3.147,24545,102.75,51.03,1658,1346,1659,0,ON
2026-01-12 16:34:29.043,28.0,14.00,3.152,24704,102.65,51.12,1656,1342,1656,0,ON
2026-01-12 16:34:29.711,28.0,14.00,3.146,24704,102.54,51.24,1634,1328,1632,0,ON
2026-01-12 16:34:30.392,28.0,14.00,3.144,24896,102.44,51.34,1657,1349,1658,0,ON
2026-01-12 16:34:31.057,28.0,14.00,3.141,24896,102.32,51.46,1672,1361,1672,0,ON
2026-01-12 16:34:31.746,28.0,14.00,3.144,24989,102.22,51.56,1664,1352,1667,0,ON
2026-01-12 16:34:32.408,28.0,14.00,3.140,24989,102.10,51.67,1670,1363,1671,0,ON
2026-01-12 16:34:33.091,28.0,14.00,3.161,25105,101.99,51.79,1657,1356,1661,0,ON
2026-01-12 16:34:33.759,28.0,14.00,3.144,25105,101.89,51.89,1639,1330,1639,0,ON
2026-01-12 16:34:34.444,28.0,14.00,3.139,25292,101.77,52.00,1678,1361,1678,0,ON
2026-01-12 16:34:35.109,28.0,14.00,3.150,25292,101.68,52.10,1653,1342,1652,0,ON
2026-01-12 16:34:35.793,28.0,14.00,3.141,25434,101.56,52.22,1657,1348,1656,0,ON
2026-01-12 16:34:36.457,28.0,14.00,3.142,25434,101.44,52.34,1640,1333,1641,0,ON
2026-01-12 16:34:37.148,28.0,14.00,3.125,25552,101.34,52.44,1663,1352,1664,0,ON
2026-01-12 16:34:37.809,28.1,14.00,3.137,25552,101.23,52.55,1688,1374,1689,0,ON
2026-01-12 16:34:38.493,28.0,14.00,3.131,25696,101.13,52.65,1670,1366,1670,0,ON
2026-01-12 16:34:39.157,28.0,14.00,3.135,25696,101.01,52.77,1662,1357,1681,0,ON
2026-01-12 16:34:39.840,28.0,14.00,3.128,25840,100.91,52.87,1672,1348,1657,0,ON
2026-01-12 16:34:40.505,28.0,14.00,3.122,25840,100.80,52.98,1667,1354,1667,0,ON
2026-01-12 16:34:41.192,28.0,14.00,3.115,25961,100.69,53.09,1664,1364,1666,0,ON
2026-01-12 16:34:41.855,28.1,14.00,3.132,25961,100.58,53.19,1695,1389,1695,0,ON
2026-01-12 16:34:42.539,28.0,14.00,3.125,26108,100.47,53.31,1677,1370,1679,0,ON
2026-01-12 16:34:43.209,28.0,14.00,3.130,26108,100.37,53.41,1660,1353,1659,0,ON
2026-01-12 16:34:43.890,28.0,14.00,3.122,26280,100.25,53.52,1658,1348,1658,0,ON
2026-01-12 16:34:44.556,28.0,14.00,3.127,26280,100.14,53.64,1674,1370,1675,0,ON
2026-01-12 16:34:45.243,28.0,14.00,3.122,26405,100.04,53.74,1693,1395,1697,0,ON
2026-01-12 16:34:45.904,28.0,14.00,3.116,26405,99.92,53.86,1693,1389,1694,0,ON
2026-01-12 16:34:46.595,28.0,14.00,3.118,26580,99.82,53.95,1664,1360,1665,0,ON
2026-01-12 16:34:47.256,28.0,14.00,3.117,26580,99.71,54.07,1666,1346,1654,0,ON
2026-01-12 16:34:47.941,28.0,14.00,3.135,26681,99.60,54.17,1667,1367,1668,0,ON
2026-01-12 16:34:48.604,28.0,14.00,3.136,26681,99.50,54.28,1672,1372,1676,0,ON
2026-01-12 16:34:49.285,28.0,14.00,3.118,26859,99.38,54.40,1676,1375,1677,0,ON
2026-01-12 16:34:49.950,28.0,14.00,3.129,26859,99.28,54.50,1676,1377,1675,0,ON
2026-01-12 16:34:50.634,27.9,14.00,3.124,26987,99.16,54.61,1677,1376,1679,0,ON
2026-01-12 16:34:51.298,28.0,14.00,3.129,26987,99.07,54.71,1698,1397,1698,0,ON
2026-01-12 16:34:51.983,27.9,14.00,3.119,27090,98.96,54.82,1688,1391,1689,0,ON
2026-01-12 16:34:52.652,27.9,14.00,3.130,27090,98.84,54.94,1698,1401,1698,0,ON
2026-01-12 16:34:53.336,28.0,14.00,3.134,27246,98.74,55.04,1681,1384,1682,0,ON
2026-01-12 16:34:54.002,28.0,14.00,3.122,27246,98.63,55.15,1678,1380,1679,0,ON
2026-01-12 16:34:54.690,27.9,14.00,3.112,27376,98.53,55.25,1675,1409,1711,0,ON
2026-01-12 16:34:55.354,27.9,14.00,3.099,27376,98.41,55.36,1680,1387,1680,0,ON
2026-01-12 16:34:56.039,27.9,14.00,3.122,27508,98.31,55.46,1690,1393,1689,0,ON
2026-01-12 16:34:56.710,27.9,14.00,3.116,27508,98.20,55.58,1702,1401,1702,0,ON
2026-01-12 16:34:57.396,27.9,14.00,3.116,27640,98.09,55.69,1687,1389,1687,0,ON
2026-01-12 16:34:58.059,27.9,14.00,3.119,27640,97.99,55.79,1676,1382,1676,0,ON
2026-01-12 16:34:58.743,27.9,14.00,3.109,27801,97.87,55.90,1695,1399,1695,0,ON
2026-01-12 16:34:59.404,28.0,14.00,3.117,27801,97.76,56.02,1688,1391,1688,0,ON
2026-01-12 16:35:00.088,27.9,14.00,3.112,27962,97.66,56.12,1698,1401,1698,0,ON
2026-01-12 16:35:00.750,27.9,14.00,3.118,27962,97.54,56.23,1686,1388,1685,0,ON
2026-01-12 16:35:01.431,27.9,14.00,3.107,28043,97.44,56.34,1689,1394,1689,0,ON
2026-01-12 16:35:02.095,28.0,14.00,3.109,28043,97.33,56.45,1686,1391,1686,0,ON
2026-01-12 16:35:02.779,27.9,14.00,3.109,28152,97.23,56.55,1694,1398,1694,0,ON
2026-01-12 16:35:03.440,27.9,14.00,3.107,28152,97.12,56.66,1725,1427,1728,0,ON
2026-01-12 16:35:04.126,28.0,14.00,3.102,28289,97.02,56.76,1691,1400,1691,0,ON
2026-01-12 16:35:04.793,27.9,14.00,3.109,28289,96.91,56.87,1697,1409,1700,0,ON
2026-01-12 16:35:05.477,27.9,14.00,3.100,28399,96.78,56.99,1675,1381,1675,0,ON
2026-01-12 16:35:06.141,27.9,14.00,3.120,28399,96.69,57.09,1687,1397,1687,0,ON
2026-01-12 16:35:06.829,27.9,14.00,3.109,28538,96.58,57.20,1695,1421,1721,0,ON
2026-01-12 16:35:07.492,27.9,14.00,3.108,28538,96.47,57.30,1711,1428,1720,0,ON
2026-01-12 16:35:08.177,27.9,14.00,3.118,28733,96.36,57.41,1712,1417,1712,0,ON
2026-01-12 16:35:08.845,27.9,14.00,3.095,28733,96.25,57.53,1699,1406,1699,0,ON
2026-01-12 16:35:09.529,27.9,14.00,3.111,28903,96.15,57.63,1684,1395,1684,0,ON
2026-01-12 16:35:10.192,27.9,14.00,3.096,28903,96.03,57.74,1708,1415,1708,0,ON
2026-01-12 16:35:10.874,27.9,14.00,3.106,28988,95.94,57.84,1698,1422,1708,0,ON
2026-01-12 16:35:11.539,27.9,14.00,3.101,28988,95.83,57.95,1704,1415,1704,0,ON
2026-01-12 16:35:12.221,27.9,14.00,3.107,29073,95.72,58.06,1718,1424,1719,0,ON
2026-01-12 16:35:12.886,27.9,14.00,3.102,29073,95.61,58.17,1704,1418,1705,0,ON
2026-01-12 16:35:13.570,27.9,14.00,3.099,29246,95.49,58.28,1693,1424,1703,0,ON
2026-01-12 16:35:14.233,27.9,14.00,3.104,29246,95.39,58.38,1696,1427,1705,0,ON
2026-01-12 16:35:14.914,27.9,14.00,3.102,29390,95.28,58.50,1713,1423,1713,0,ON
2026-01-12 16:35:15.578,27.9,14.00,3.113,29390,95.18,58.59,1722,1450,1734,0,ON
2026-01-12 16:35:16.271,27.9,14.00,3.095,29477,95.08,58.70,1691,1416,1697,0,ON
2026-01-12 16:35:16.935,27.9,14.00,3.111,29477,94.95,58.83,1700,1421,1704,0,ON
2026-01-12 16:35:17.618,27.9,14.00,3.104,29623,94.86,58.92,1689,1409,1691,0,ON
2026-01-12 16:35:18.284,27.9,14.00,3.103,29623,94.74,59.03,1718,1434,1720,0,ON
2026-01-12 16:35:18.965,27.9,14.00,3.096,29800,94.64,59.13,1717,1438,1723,0,ON
2026-01-12 16:35:19.628,27.9,14.00,3.100,29800,94.53,59.25,1719,1456,1733,0,ON
2026-01-12 16:35:20.314,28.0,14.00,3.107,29937,94.43,59.35,1724,1452,1732,0,ON
2026-01-12 16:35:20.977,27.9,14.00,3.094,29937,94.32,59.46,1706,1448,1720,0,ON
2026-01-12 16:35:21.663,27.9,14.00,3.103,30038,94.20,59.57,1693,1418,1697,0,ON
2026-01-12 16:35:22.325,27.9,14.00,3.104,30038,94.11,59.67,1709,1445,1720,0,ON
2026-01-12 16:35:23.010,27.9,14.00,3.099,30206,93.99,59.78,1708,1430,1711,0,ON
2026-01-12 16:35:23.673,27.9,14.00,3.112,30206,93.89,59.89,1716,1455,1726,0,ON
2026-01-12 16:35:24.354,27.9,14.00,3.095,30370,93.78,60.00,1701,1439,1709,0,ON
2026-01-12 16:35:25.016,27.9,14.00,3.091,30370,93.69,60.09,1689,1425,1695,0,ON
2026-01-12 16:35:25.705,27.9,14.00,3.113,30461,93.56,60.21,1698,1427,1708,0,ON
2026-01-12 16:35:26.367,27.9,14.00,3.085,30461,93.45,60.32,1711,1453,1721,0,ON
2026-01-12 16:35:27.050,27.9,14.00,3.092,30583,93.36,60.42,1728,1468,1739,0,ON
2026-01-12 16:35:27.717,27.9,14.00,3.088,30583,93.24,60.53,1712,1449,1719,0,ON
2026-01-12 16:35:28.398,27.9,14.00,3.102,30707,93.14,60.64,1692,1444,1702,0,ON
2026-01-12 16:35:29.065,27.9,14.00,3.095,30707,93.02,60.75,1709,1444,1714,0,ON
2026-01-12 16:35:29.756,27.9,14.00,3.114,30799,92.93,60.85,1708,1448,1713,0,ON
2026-01-12 16:35:30.416,27.9,14.00,3.111,30799,92.82,60.96,1719,1462,1728,0,ON
2026-01-12 16:35:31.101,27.9,14.00,3.108,30955,92.71,61.07,1712,1465,1725,0,ON
2026-01-12 16:35:31.762,27.9,14.00,3.087,30955,92.60,61.18,1694,1440,1700,0,ON
2026-01-12 16:35:32.446,27.9,14.00,3.099,31081,92.49,61.29,1702,1448,1709,0,ON
2026-01-12 16:35:33.108,27.9,14.00,3.096,31081,92.39,61.38,1726,1478,1736,0,ON
2026-01-12 16:35:33.792,27.9,14.00,3.100,31239,92.28,61.50,1717,1469,1728,0,ON
2026-01-12 16:35:34.458,27.9,14.00,3.086,31239,92.17,61.61,1713,1465,1722,0,ON
2026-01-12 16:35:35.145,27.9,14.00,3.093,31354,92.06,61.72,1689,1447,1697,0,ON
2026-01-12 16:35:35.814,27.9,14.00,3.096,31354,91.96,61.82,1714,1470,1723,0,ON
2026-01-12 16:35:36.501,27.9,14.00,3.094,31430,91.85,61.92,1716,1473,1726,0,ON
2026-01-12 16:35:37.172,27.9,14.00,3.081,31430,91.75,62.03,1707,1463,1715,0,ON
2026-01-12 16:35:37.853,27.9,14.00,3.102,31558,91.63,62.15,1705,1461,1711,0,ON
2026-01-12 16:35:38.519,27.9,14.00,3.100,31558,91.52,62.25,1709,1470,1720,0,ON
2026-01-12 16:35:39.207,27.9,14.00,3.091,31719,91.41,62.37,1727,1486,1739,0,ON
2026-01-12 16:35:39.868,27.9,14.00,3.093,31719,91.31,62.47,1723,1482,1732,0,ON
2026-01-12 16:35:40.553,27.9,14.00,3.078,31817,91.21,62.57,1732,1496,1748,0,ON
2026-01-12 16:35:41.214,27.9,14.00,3.073,31817,91.09,62.69,1720,1483,1731,0,ON
2026-01-12 16:35:41.899,27.9,14.00,3.096,31980,90.99,62.79,1716,1480,1729,0,ON
2026-01-12 16:35:42.561,27.9,14.00,3.091,31980,90.88,62.90,1712,1473,1722,0,ON
2026-01-12 16:35:43.244,27.9,14.00,3.090,32046,90.77,63.01,1704,1467,1711,0,ON
2026-01-12 16:35:43.908,27.9,14.00,3.082,32046,90.66,63.11,1709,1477,1717,0,ON
2026-01-12 16:35:44.591,27.9,14.00,3.076,32144,90.56,63.22,1743,1511,1757,0,ON
2026-01-12 16:35:45.254,27.9,14.00,3.087,32144,90.45,63.33,1728,1499,1740,0,ON
2026-01-12 16:35:45.936,27.9,14.00,3.081,32330,90.35,63.43,1723,1494,1734,0,ON
2026-01-12 16:35:46.600,27.9,14.00,3.081,32330,90.24,63.54,1711,1479,1722,0,ON
2026-01-12 16:35:47.284,27.9,14.00,3.091,32444,90.13,63.65,1728,1499,1742,0,ON
2026-01-12 16:35:47.945,27.9,14.00,3.078,32444,90.02,63.76,1738,1510,1751,0,ON
2026-01-12 16:35:48.634,27.9,14.00,3.092,32544,89.91,63.87,1730,1503,1741,0,ON
2026-01-12 16:35:49.295,27.9,14.00,3.083,32544,89.82,63.96,1727,1506,1740,0,ON
2026-01-12 16:35:49.980,27.9,14.00,3.076,32645,89.70,64.08,1731,1503,1743,0,ON
2026-01-12 16:35:50.642,27.9,14.00,3.093,32645,89.59,64.19,1716,1492,1728,0,ON
2026-01-12 16:35:51.328,27.9,14.00,3.085,32782,89.49,64.29,1712,1495,1725,0,ON
2026-01-12 16:35:51.991,27.9,14.00,3.082,32782,89.37,64.41,1723,1497,1732,0,ON
2026-01-12 16:35:52.674,27.9,14.00,3.088,32884,89.27,64.51,1753,1531,1769,0,ON
2026-01-12 16:35:53.339,27.9,14.00,3.087,32884,89.15,64.62,1745,1524,1758,0,ON
2026-01-12 16:35:54.024,27.9,14.00,3.080,33007,89.06,64.72,1730,1514,1745,0,ON
2026-01-12 16:35:54.686,27.9,14.00,3.103,33007,88.94,64.83,1732,1496,1723,0,ON
2026-01-12 16:35:55.375,27.9,14.00,3.082,33089,88.83,64.94,1725,1509,1736,0,ON
2026-01-12 16:35:56.045,27.9,14.00,3.087,33089,88.74,65.04,1748,1530,1765,0,ON
2026-01-12 16:35:56.727,27.9,14.00,3.100,33284,88.62,65.16,1759,1546,1777,0,ON
2026-01-12 16:35:57.390,27.9,14.00,3.090,33284,88.52,65.26,1731,1522,1742,0,ON
2026-01-12 16:35:58.079,27.9,14.00,3.098,33458,88.41,65.37,1748,1537,1763,0,ON
2026-01-12 16:35:58.741,27.9,14.00,3.092,33458,88.29,65.49,1734,1520,1749,0,ON
2026-01-12 16:35:59.423,27.9,14.00,3.087,33494,88.20,65.58,1712,1501,1723,0,ON
2026-01-12 16:36:00.094,27.9,14.00,3.077,33494,88.08,65.70,1737,1529,1750,0,ON
2026-01-12 16:36:00.776,27.9,14.00,3.083,33612,87.98,65.80,1751,1550,1769,0,ON
2026-01-12 16:36:01.441,27.9,14.00,3.085,33612,87.87,65.91,1746,1538,1760,0,ON
2026-01-12 16:36:02.125,27.9,14.00,3.067,33719,87.77,66.01,1732,1527,1749,0,ON
2026-01-12 16:36:02.790,27.9,14.00,3.080,33719,87.66,66.12,1730,1521,1742,0,ON
2026-01-12 16:36:03.473,27.9,14.00,3.083,33825,87.54,66.24,1729,1527,1740,0,ON
2026-01-12 16:36:04.134,27.9,14.00,3.077,33825,87.44,66.34,1758,1551,1772,0,ON
2026-01-12 16:36:04.820,27.9,14.00,3.080,33932,87.33,66.45,1751,1550,1768,0,ON
2026-01-12 16:36:05.490,27.9,14.00,3.089,33932,87.22,66.55,1726,1526,1738,0,ON
2026-01-12 16:36:06.171,27.9,14.00,3.087,34099,87.11,66.67,1732,1533,1749,0,ON
2026-01-12 16:36:06.837,27.9,14.00,3.098,34099,87.00,66.78,1731,1532,1743,0,ON
2026-01-12 16:36:07.518,27.9,14.00,3.078,34279,86.90,66.87,1759,1562,1777,0,ON
2026-01-12 16:36:08.183,27.9,14.00,3.084,34279,86.79,66.99,1745,1547,1760,0,ON
2026-01-12 16:36:08.867,27.8,14.00,3.090,34330,86.69,67.09,1760,1566,1780,0,ON
2026-01-12 16:36:09.529,27.8,14.00,3.082,34330,86.58,67.20,1740,1545,1754,0,ON
2026-01-12 16:36:10.212,27.9,14.00,3.079,34476,86.48,67.30,1743,1552,1760,0,ON
2026-01-12 16:36:10.881,27.9,14.00,3.075,34476,86.36,67.42,1741,1546,1755,0,ON
2026-01-12 16:36:11.562,27.9,14.00,3.088,34572,86.25,67.53,1749,1562,1766,0,ON
2026-01-12 16:36:12.226,27.9,14.00,3.089,34572,86.15,67.62,1747,1554,1760,0,ON
2026-01-12 16:36:12.918,27.8,14.00,3.084,34660,86.03,67.74,1746,1554,1760,0,ON
2026-01-12 16:36:13.581,27.8,14.00,3.090,34660,85.94,67.84,1753,1567,1773,0,ON
2026-01-12 16:36:14.267,27.9,14.00,3.083,34734,85.82,67.95,1747,1566,1767,0,ON
2026-01-12 16:36:14.936,27.8,14.00,3.070,34734,85.71,68.07,1753,1572,1774,0,ON
2026-01-12 16:36:15.618,27.8,14.00,3.073,34906,85.61,68.16,1769,1583,1787,0,ON
2026-01-12 16:36:16.281,27.8,14.00,3.083,34906,85.49,68.28,1747,1560,1761,0,ON
2026-01-12 16:36:16.963,27.8,14.00,3.061,35019,85.40,68.38,1729,1546,1744,0,ON
2026-01-12 16:36:17.627,27.9,14.00,3.073,35019,85.29,68.49,1734,1557,1752,0,ON
2026-01-12 16:36:18.312,27.9,14.00,3.084,35093,85.18,68.60,1761,1581,1780,0,ON
2026-01-12 16:36:18.973,27.9,14.00,3.075,35093,85.07,68.71,1767,1588,1785,0,ON
2026-01-12 16:36:19.656,27.8,14.00,3.078,35169,84.96,68.82,1760,1585,1779,0,ON
2026-01-12 16:36:20.318,27.8,14.00,3.080,35169,84.86,68.92,1744,1570,1761,0,ON
2026-01-12 16:36:21.001,27.9,14.00,3.083,35320,84.74,69.04,1749,1576,1766,0,ON
2026-01-12 16:36:21.666,27.8,14.00,3.076,35320,84.64,69.14,1751,1576,1768,0,ON
2026-01-12 16:36:22.349,27.9,14.00,3.078,35411,84.53,69.25,1736,1561,1749,0,ON
2026-01-12 16:36:23.011,27.9,14.00,3.078,35411,84.43,69.35,1741,1566,1752,0,ON
2026-01-12 16:36:23.692,27.8,14.00,3.082,35487,84.32,69.46,1769,1598,1788,0,ON
2026-01-12 16:36:24.356,27.8,14.00,3.070,35487,84.21,69.57,1766,1598,1785,0,ON
2026-01-12 16:36:25.039,27.8,14.00,3.067,35703,84.11,69.67,1755,1588,1774,0,ON
2026-01-12 16:36:25.702,27.8,14.00,3.079,35703,83.99,69.79,1748,1583,1764,0,ON
2026-01-12 16:36:26.385,27.8,14.00,3.074,35859,83.89,69.88,1759,1593,1778,0,ON
2026-01-12 16:36:27.047,27.8,14.00,3.070,35859,83.77,70.00,1769,1609,1791,0,ON
2026-01-12 16:36:27.728,27.8,14.00,3.078,35911,83.68,70.10,1767,1608,1786,0,ON
2026-01-12 16:36:28.390,27.8,14.00,3.073,35911,83.56,70.22,1743,1580,1757,0,ON
2026-01-12 16:36:29.070,27.8,14.00,3.081,35990,83.47,70.31,1757,1598,1777,0,ON
2026-01-12 16:36:29.732,27.8,14.00,3.080,35990,83.35,70.43,1744,1587,1762,0,ON
2026-01-12 16:36:30.417,27.8,14.00,3.065,36171,83.25,70.53,1743,1585,1758,0,ON
2026-01-12 16:36:31.079,27.9,14.00,3.055,36171,83.14,70.64,1770,1615,1789,0,ON
2026-01-12 16:36:31.764,27.8,14.00,3.081,36265,83.02,70.75,1772,1617,1793,0,ON
2026-01-12 16:36:32.426,27.9,14.00,3.070,36265,82.93,70.85,1772,1601,1775,0,ON
2026-01-12 16:36:33.107,27.8,14.00,3.072,36369,82.82,70.96,1775,1626,1798,0,ON
2026-01-12 16:36:33.775,27.8,14.00,3.083,36369,82.72,71.06,1752,1599,1770,0,ON
2026-01-12 16:36:34.467,27.8,14.00,3.063,36449,82.60,71.18,1782,1632,1806,0,ON
2026-01-12 16:36:35.129,27.8,14.00,3.083,36449,82.50,71.28,1771,1622,1790,0,ON
2026-01-12 16:36:35.818,27.8,14.00,3.073,36609,82.39,71.39,1784,1641,1809,0,ON
2026-01-12 16:36:36.480,27.8,14.00,3.087,36609,82.28,71.50,1777,1631,1798,0,ON
2026-01-12 16:36:37.161,27.8,14.00,3.081,36689,82.18,71.60,1762,1617,1782,0,ON
2026-01-12 16:36:37.829,27.8,14.00,3.073,36689,82.07,71.71,1750,1608,1768,0,ON
2026-01-12 16:36:38.513,27.8,14.00,3.071,36770,81.95,71.83,1764,1620,1782,0,ON
2026-01-12 16:36:39.177,27.8,14.00,3.079,36770,81.85,71.92,1784,1647,1808,0,ON
2026-01-12 16:36:39.864,27.8,14.00,3.087,36932,81.74,72.04,1786,1645,1810,0,ON
2026-01-12 16:36:40.526,27.8,14.00,3.070,36932,81.64,72.14,1768,1628,1788,0,ON
2026-01-12 16:36:41.208,27.8,14.00,3.075,37014,81.52,72.25,1764,1623,1779,0,ON
2026-01-12 16:36:41.875,27.8,14.00,3.078,37014,81.43,72.35,1770,1634,1792,0,ON
2026-01-12 16:36:42.556,27.9,14.00,3.069,37095,81.31,72.47,1762,1629,1782,0,ON
2026-01-12 16:36:43.220,27.8,14.00,3.077,37095,81.20,72.58,1767,1633,1786,0,ON
2026-01-12 16:36:43.900,27.8,14.00,3.076,37219,81.11,72.67,1780,1647,1800,0,ON
2026-01-12 16:36:44.561,27.8,14.00,3.067,37219,81.00,72.78,1781,1649,1801,0,ON
2026-01-12 16:36:45.244,27.8,14.00,3.075,37316,80.89,72.89,1772,1643,1791,0,ON
2026-01-12 16:36:45.910,27.8,14.00,3.074,37316,80.77,73.00,1761,1632,1780,0,ON
2026-01-12 16:36:46.592,27.8,14.00,3.067,37425,80.67,73.10,1771,1645,1795,0,ON
2026-01-12 16:36:47.255,27.8,14.00,3.057,37425,80.57,73.21,1791,1666,1815,0,ON
2026-01-12 16:36:47.945,27.8,14.00,3.072,37508,80.46,73.31,1780,1656,1803,0,ON
2026-01-12 16:36:48.608,27.8,14.00,3.063,37508,80.35,73.42,1770,1647,1790,0,ON
2026-01-12 16:36:49.289,27.8,14.00,3.068,37592,80.23,73.54,1785,1666,1809,0,ON
2026-01-12 16:36:49.957,27.8,14.00,3.068,37592,80.14,73.63,1788,1668,1812,0,ON
2026-01-12 16:36:50.639,27.8,14.00,3.060,37718,80.03,73.75,1771,1652,1793,0,ON
2026-01-12 16:36:51.302,27.8,14.00,3.071,37718,79.93,73.85,1778,1664,1800,0,ON
2026-01-12 16:36:51.986,27.8,14.00,3.057,37801,79.81,73.96,1798,1683,1824,0,ON
2026-01-12 16:36:52.649,27.8,14.00,3.077,37801,79.71,74.07,1783,1668,1805,0,ON
2026-01-12 16:36:53.333,27.8,14.00,3.071,37886,79.60,74.18,1781,1667,1804,0,ON
2026-01-12 16:36:54.001,27.8,14.00,3.069,37886,79.48,74.30,1772,1659,1794,0,ON
2026-01-12 16:36:54.683,27.8,14.00,3.063,38013,79.38,74.40,1781,1671,1805,0,ON
2026-01-12 16:36:55.345,27.8,14.00,3.085,38013,79.27,74.51,1777,1669,1804,0,ON
2026-01-12 16:36:56.029,27.8,14.00,3.079,38169,79.17,74.60,1775,1693,1825,0,ON
2026-01-12 16:36:56.691,27.8,14.00,3.067,38169,79.05,74.72,1794,1688,1817,0,ON
2026-01-12 16:36:57.375,27.8,14.00,3.059,38255,78.94,74.84,1783,1677,1804,0,ON
2026-01-12 16:36:58.037,27.8,14.00,3.069,38255,78.84,74.94,1766,1661,1786,0,ON
2026-01-12 16:36:58.717,27.8,14.00,3.073,38384,78.73,75.05,1777,1673,1798,0,ON
2026-01-12 16:36:59.380,27.8,14.00,3.070,38384,78.63,75.15,1800,1701,1825,0,ON
2026-01-12 16:37:00.063,27.8,14.00,3.068,38513,78.51,75.27,1793,1692,1816,0,ON
2026-01-12 16:37:00.728,27.8,14.00,3.066,38513,78.41,75.37,1789,1692,1813,0,ON
2026-01-12 16:37:01.410,27.8,14.00,3.071,38572,78.29,75.48,1788,1693,1815,0,ON
2026-01-12 16:37:02.072,27.8,14.00,3.076,38572,78.19,75.59,1789,1693,1816,0,ON
2026-01-12 16:37:02.752,27.8,14.00,3.066,38659,78.09,75.69,1788,1694,1812,0,ON
2026-01-12 16:37:03.416,27.8,14.00,3.079,38659,77.97,75.81,1792,1702,1815,0,ON
2026-01-12 16:37:04.098,27.8,14.00,3.066,38834,77.87,75.91,1798,1706,1822,0,ON
2026-01-12 16:37:04.766,27.8,14.00,3.059,38834,77.75,76.03,1784,1693,1807,0,ON
2026-01-12 16:37:05.449,27.8,14.00,3.067,38922,77.65,76.12,1782,1695,1804,0,ON
2026-01-12 16:37:06.111,27.8,14.00,3.077,38922,77.53,76.24,1780,1696,1806,0,ON
2026-01-12 16:37:06.797,27.8,14.00,3.078,39011,77.44,76.34,1784,1696,1806,0,ON
2026-01-12 16:37:07.460,27.8,14.00,3.068,39011,77.33,76.45,1795,1710,1820,0,ON
2026-01-12 16:37:08.141,27.8,14.00,3.071,39055,77.21,76.57,1798,1717,1822,0,ON
2026-01-12 16:37:08.809,27.8,14.00,3.074,39055,77.11,76.67,1798,1716,1824,0,ON
2026-01-12 16:37:09.493,27.8,14.00,3.062,39216,76.99,76.78,1777,1705,1812,0,ON
2026-01-12 16:37:10.156,27.8,14.00,3.066,39216,76.89,76.89,1785,1706,1810,0,ON
2026-01-12 16:37:10.842,27.8,14.00,3.064,39307,76.78,77.00,1804,1729,1832,0,ON
2026-01-12 16:37:11.504,27.8,14.00,3.059,39307,76.66,77.11,1808,1732,1836,0,ON
2026-01-12 16:37:12.185,27.8,14.00,3.063,39367,76.57,77.20,1805,1734,1833,0,ON
2026-01-12 16:37:12.853,27.8,14.00,3.082,39367,76.46,77.32,1803,1722,1819,0,ON
2026-01-12 16:37:13.544,27.8,14.00,3.054,39502,76.35,77.42,1800,1732,1831,0,ON
2026-01-12 16:37:14.206,27.8,14.00,3.055,39502,76.24,77.54,1804,1738,1833,0,ON
2026-01-12 16:37:14.891,27.8,14.00,3.072,39592,76.14,77.64,1796,1726,1821,0,ON
2026-01-12 16:37:15.555,27.8,14.00,3.067,39592,76.02,77.76,1808,1746,1837,0,ON
2026-01-12 16:37:16.237,27.8,14.00,3.059,39683,75.91,77.86,1808,1743,1836,0,ON
2026-01-12 16:37:16.902,27.8,14.00,3.062,39683,75.81,77.97,1790,1723,1814,0,ON
2026-01-12 16:37:17.585,27.8,14.00,3.064,39774,75.69,78.09,1789,1729,1815,0,ON
2026-01-12 16:37:18.248,27.8,14.00,3.067,39774,75.59,78.18,1812,1755,1841,0,ON
2026-01-12 16:37:18.935,27.8,14.00,3.057,39865,75.48,78.30,1816,1760,1848,0,ON
2026-01-12 16:37:19.597,27.8,14.00,3.082,39865,75.36,78.41,1803,1745,1831,0,ON
2026-01-12 16:37:20.278,27.8,14.00,3.056,40003,75.26,78.51,1790,1733,1815,0,ON
2026-01-12 16:37:20.941,27.8,14.00,3.067,40003,75.15,78.63,1798,1741,1825,0,ON
2026-01-12 16:37:21.625,27.8,14.00,3.070,40095,75.05,78.73,1787,1730,1812,0,ON
2026-01-12 16:37:22.288,27.8,14.00,3.067,40095,74.94,78.84,1804,1753,1831,0,ON
2026-01-12 16:37:22.974,27.8,14.00,3.066,40188,74.84,78.94,1820,1773,1851,0,ON
2026-01-12 16:37:23.636,27.8,14.00,3.061,40188,74.72,79.06,1824,1778,1857,0,ON
2026-01-12 16:37:24.320,27.8,14.00,3.064,40280,74.62,79.16,1794,1743,1818,0,ON
2026-01-12 16:37:24.984,27.8,14.00,3.051,40280,74.51,79.27,1791,1745,1819,0,ON
2026-01-12 16:37:25.667,27.8,14.00,3.067,40326,74.39,79.39,1808,1764,1832,0,ON
2026-01-12 16:37:26.331,27.8,14.00,3.079,40326,74.30,79.48,1808,1763,1835,0,ON
2026-01-12 16:37:27.014,27.8,14.00,3.070,40420,74.18,79.60,1796,1752,1820,0,ON
2026-01-12 16:37:27.675,27.8,14.00,3.064,40420,74.08,79.70,1825,1791,1859,0,ON
2026-01-12 16:37:28.356,27.8,14.00,3.066,40560,73.96,79.82,1810,1772,1840,0,ON
2026-01-12 16:37:29.019,27.8,14.00,3.064,40560,-346.08,499.86,1795,1755,1821,0,ON
2026-01-12 16:37:29.701,27.8,14.00,3.049,40655,73.75,80.03,1797,1764,1825,0,ON
2026-01-12 16:37:30.365,27.8,14.00,3.068,40655,73.64,80.14,1819,1787,1851,0,ON
2026-01-12 16:37:31.050,27.7,14.00,3.078,40732,73.53,80.25,1817,1783,1845,0,ON
2026-01-12 16:37:31.711,27.8,14.00,3.069,40732,73.43,80.35,1806,1772,1832,0,ON
2026-01-12 16:37:32.394,27.8,14.00,3.072,40844,73.32,80.46,1816,1791,1846,0,ON
2026-01-12 16:37:33.064,27.8,14.00,3.077,40844,73.20,80.57,1809,1786,1840,0,ON
2026-01-12 16:37:33.746,27.8,14.00,3.066,40987,73.10,80.68,1815,1791,1848,0,ON
2026-01-12 16:37:34.410,27.8,14.00,3.072,40987,72.99,80.78,1810,1786,1839,0,ON
2026-01-12 16:37:35.123,27.8,14.00,3.076,41034,72.87,80.91,1815,1791,1844,0,ON
2026-01-12 16:37:35.838,27.8,14.00,3.052,41034,72.76,81.02,1809,1787,1840,0,ON
2026-01-12 16:37:36.520,27.8,14.00,3.066,41083,72.64,81.14,1813,1796,1847,0,ON
2026-01-12 16:37:37.187,27.8,14.00,3.071,41083,72.55,81.23,1810,1792,1839,0,ON
2026-01-12 16:37:37.868,27.8,14.00,3.073,41275,72.44,81.34,1828,1811,1858,0,ON
2026-01-12 16:37:38.532,27.8,14.00,3.068,41275,72.33,81.44,1818,1805,1847,0,ON
2026-01-12 16:37:39.216,27.8,14.00,3.055,41323,72.22,81.56,1804,1787,1830,0,ON
2026-01-12 16:37:39.878,27.8,14.00,3.052,41323,72.10,81.68,1816,1804,1847,0,ON
2026-01-12 16:37:40.561,27.8,14.00,3.064,41420,72.00,81.78,1799,1786,1827,0,ON
2026-01-12 16:37:41.223,27.8,14.00,3.072,41420,71.89,81.89,1807,1795,1833,0,ON
2026-01-12 16:37:41.905,27.7,14.00,3.063,41518,71.79,81.99,1830,1826,1861,0,ON
2026-01-12 16:37:42.567,27.8,14.00,3.079,41518,71.67,82.11,1834,1833,1863,0,ON
2026-01-12 16:37:43.249,27.8,14.00,3.070,41616,71.57,82.21,1837,1834,1862,0,ON
2026-01-12 16:37:43.913,27.8,14.00,3.064,41616,71.46,82.32,1828,1829,1862,0,ON
2026-01-12 16:37:44.594,27.8,14.00,3.060,41763,71.35,82.43,1811,1810,1841,0,ON
2026-01-12 16:37:45.257,27.8,14.00,3.064,41763,71.25,82.53,1823,1824,1855,0,ON
2026-01-12 16:37:45.938,27.7,14.00,3.047,41763,71.15,82.63,1825,1827,1853,0,ON
2026-01-12 16:37:46.600,27.7,14.00,3.053,41763,71.03,82.74,1840,1850,1878,0,ON
2026-01-12 16:37:47.283,27.7,14.00,3.060,41910,70.92,82.86,1845,1855,1882,0,ON
2026-01-12 16:37:47.946,27.8,14.00,3.049,41910,70.81,82.97,1820,1827,1852,0,ON
2026-01-12 16:37:48.627,27.7,14.00,3.076,42059,70.70,83.08,1809,1814,1830,0,ON
2026-01-12 16:37:49.288,27.8,14.00,3.051,42059,70.61,83.17,1818,1830,1849,0,ON
2026-01-12 16:37:49.970,27.8,14.00,3.062,42109,70.48,83.29,1827,1838,1860,0,ON
2026-01-12 16:37:50.631,27.8,14.00,3.060,42109,70.38,83.39,1823,1834,1853,0,ON
2026-01-12 16:37:51.314,27.7,14.00,3.064,42209,70.27,83.51,1831,1849,1864,0,ON
2026-01-12 16:37:51.977,27.7,14.00,3.065,42209,70.15,83.63,1839,1860,1874,0,ON
2026-01-12 16:37:52.659,27.7,14.00,3.075,42309,70.06,83.72,1821,1839,1852,0,ON
2026-01-12 16:37:53.322,27.8,14.00,3.067,42309,69.94,83.83,1812,1829,1842,0,ON
2026-01-12 16:37:54.003,27.8,14.00,3.065,42359,69.84,83.94,1828,1850,1859,0,ON
2026-01-12 16:37:54.667,27.7,14.00,3.068,42359,69.73,84.05,1840,1865,1875,0,ON
2026-01-12 16:37:55.354,27.7,14.00,3.058,42460,69.63,84.15,1828,1853,1860,0,ON
2026-01-12 16:37:56.017,27.7,14.00,3.043,42460,69.51,84.27,1824,1850,1857,0,ON
2026-01-12 16:37:56.701,27.7,14.00,3.062,42561,69.41,84.37,1827,1858,1863,0,ON
2026-01-12 16:37:57.363,27.7,14.00,3.071,42561,69.30,84.48,1829,1858,1863,0,ON
2026-01-12 16:37:58.044,27.7,14.00,3.088,42714,69.18,84.60,1828,1855,1857,0,ON
2026-01-12 16:37:58.705,27.7,14.00,3.052,42714,69.09,84.69,1839,1890,1890,0,ON
2026-01-12 16:37:59.387,27.7,14.00,3.062,42764,68.96,84.81,1848,1892,1892,0,ON
2026-01-12 16:38:00.048,27.7,14.00,3.063,42764,68.87,84.91,1837,1875,1874,0,ON
2026-01-12 16:38:00.733,27.7,14.00,3.061,42816,68.75,85.03,1810,1844,1840,0,ON
2026-01-12 16:38:01.396,27.7,14.00,3.071,42816,68.65,85.13,1831,1872,1868,0,ON
2026-01-12 16:38:02.080,27.8,14.00,3.056,42969,68.53,85.24,1837,1879,1870,0,ON
2026-01-12 16:38:02.740,27.7,14.00,3.058,42969,68.42,85.36,1843,1887,1878,0,ON
2026-01-12 16:38:03.424,27.7,14.00,3.073,43072,68.32,85.45,1836,1881,1868,0,ON
2026-01-12 16:38:04.086,27.7,14.00,3.067,43072,68.21,85.57,1839,1884,1874,0,ON
2026-01-12 16:38:04.775,27.8,14.00,3.059,43072,68.11,85.67,1828,1872,1859,0,ON
2026-01-12 16:38:05.440,27.8,14.00,3.048,43072,67.99,85.78,1826,1872,1859,0,ON
2026-01-12 16:38:06.121,27.8,14.00,3.048,43176,67.90,85.88,1837,1886,1870,0,ON
2026-01-12 16:38:06.789,27.7,14.00,3.065,43176,67.78,86.00,1842,1896,1877,0,ON
2026-01-12 16:38:07.471,27.7,14.00,3.062,43280,67.66,86.11,1835,1888,1867,0,ON
2026-01-12 16:38:08.132,27.7,14.00,3.069,43280,67.56,86.21,1842,1897,1876,0,ON
2026-01-12 16:38:08.821,27.7,14.00,3.039,43384,67.44,86.33,1827,1881,1857,0,ON
2026-01-12 16:38:09.486,27.7,14.00,3.047,43384,67.34,86.43,1836,1895,1871,0,ON
2026-01-12 16:38:10.168,27.7,14.00,3.044,43436,67.24,86.54,1842,1903,1878,0,ON
2026-01-12 16:38:10.837,27.7,14.00,3.046,43436,67.12,86.66,1842,1903,1875,0,ON
2026-01-12 16:38:11.518,27.7,14.00,3.041,43541,67.01,86.77,1837,1898,1868,0,ON
2026-01-12 16:38:12.181,27.7,14.00,3.055,43541,66.91,86.87,1836,1900,1870,0,ON
2026-01-12 16:38:12.868,27.7,14.00,3.054,43646,66.80,86.98,1835,1902,1871,0,ON
2026-01-12 16:38:13.533,27.7,14.00,3.059,43646,66.69,87.09,1841,1907,1874,0,ON
2026-01-12 16:38:14.215,27.7,14.00,3.054,43646,66.59,87.19,1848,1918,1883,0,ON
2026-01-12 16:38:14.886,27.7,14.00,3.066,43646,66.48,87.30,1841,1899,1862,0,ON
2026-01-12 16:38:15.567,27.7,14.00,3.069,43752,66.36,87.42,1845,1906,1867,0,ON
2026-01-12 16:38:16.228,27.7,14.00,3.056,43752,66.26,87.52,1820,1889,1848,0,ON
2026-01-12 16:38:16.913,27.7,14.00,3.067,43911,66.14,87.63,1826,1899,1859,0,ON
2026-01-12 16:38:17.574,27.7,14.00,3.062,43911,66.05,87.73,1838,1914,1870,0,ON
2026-01-12 16:38:18.260,27.7,14.00,3.054,44017,65.93,87.84,1846,1924,1879,0,ON
2026-01-12 16:38:18.929,27.7,14.00,3.067,44017,65.82,87.96,1846,1926,1879,0,ON
2026-01-12 16:38:19.610,27.7,14.00,3.059,44017,65.72,88.05,1854,1938,1891,0,ON
2026-01-12 16:38:20.272,27.7,14.00,3.056,44017,65.61,88.17,1845,1929,1878,0,ON
2026-01-12 16:38:20.958,27.7,14.00,3.060,44178,65.51,88.27,1829,1910,1860,0,ON
2026-01-12 16:38:21.620,27.7,14.00,3.059,44178,65.40,88.38,1847,1934,1883,0,ON
2026-01-12 16:38:22.310,27.8,14.00,3.067,44285,65.29,88.49,1851,1943,1887,0,ON
2026-01-12 16:38:22.972,27.7,14.00,3.058,44285,65.17,88.60,1849,1940,1883,0,ON
2026-01-12 16:38:23.656,27.7,14.00,3.055,44339,65.08,88.70,1850,1943,1885,0,ON
2026-01-12 16:38:24.320,27.7,14.00,3.061,44339,64.97,88.81,1828,1917,1859,0,ON
2026-01-12 16:38:25.003,27.7,14.00,3.056,44448,64.85,88.93,1832,1923,1863,0,ON
2026-01-12 16:38:25.666,27.7,14.00,3.058,44448,64.75,89.03,1847,1944,1882,0,ON
2026-01-12 16:38:26.348,27.6,14.00,3.072,44556,64.64,89.14,1842,1938,1888,0,ON
2026-01-12 16:38:27.014,27.7,14.00,3.046,44556,64.54,89.24,1854,1956,1889,0,ON
2026-01-12 16:38:27.696,27.7,14.00,3.068,44611,64.42,89.36,1851,1953,1884,0,ON
2026-01-12 16:38:28.358,27.7,14.00,3.054,44611,64.31,89.47,1847,1953,1886,0,ON
