Timestamp,Temp,pH,Volt,EC,Weight,Weightloss,R,G,B,C,RelayStatus
2026-01-12 21:27:49.922,23.9,1.92,4.562,26772,147.53,0.02,1615,2393,1713,0,ON
2026-01-12 21:27:50.605,23.9,1.98,4.555,26722,147.43,0.12,1643,2434,1742,0,ON
2026-01-12 21:27:51.269,23.9,1.95,4.558,26722,147.32,0.23,1566,2324,1664,0,ON
2026-01-12 21:27:51.959,23.9,1.98,4.555,26469,147.22,0.33,1633,2417,1731,0,ON
2026-01-12 21:27:52.628,23.9,1.98,4.554,26469,147.10,0.45,1617,2395,1718,0,ON
2026-01-12 21:27:53.309,23.9,1.95,4.558,26172,147.01,0.54,1616,2399,1716,0,ON
2026-01-12 21:27:53.974,23.9,1.96,4.557,26172,146.89,0.65,1630,2412,1728,0,ON
2026-01-12 21:27:54.658,23.9,2.02,4.549,25975,146.77,0.78,1590,2361,1692,0,ON
2026-01-12 21:27:55.321,23.9,2.02,4.549,25975,146.67,0.87,1586,2364,1693,0,ON
2026-01-12 21:27:56.000,23.9,1.95,4.558,25685,146.56,0.98,1627,2425,1735,0,ON
2026-01-12 21:27:56.668,23.9,2.03,4.547,25685,146.46,1.09,1642,2422,1735,0,ON
2026-01-12 21:27:57.349,23.9,1.99,4.553,25495,146.35,1.20,1638,2421,1735,0,ON
2026-01-12 21:27:58.013,23.9,1.93,4.560,25495,146.24,1.31,1619,2397,1718,0,ON
2026-01-12 21:27:58.699,23.9,2.00,4.551,25235,146.14,1.41,1593,2361,1691,0,ON
2026-01-12 21:27:59.363,23.9,1.91,4.563,25235,146.02,1.52,1632,2418,1732,0,ON
2026-01-12 21:28:00.045,23.9,2.07,4.542,25025,145.93,1.62,1607,2383,1710,0,ON
2026-01-12 21:28:00.710,24.0,2.04,4.546,25025,145.80,1.75,1627,2410,1726,0,ON
2026-01-12 21:28:01.390,23.9,1.92,4.561,24749,145.70,1.84,1656,2445,1751,0,ON
2026-01-12 21:28:02.051,23.9,2.05,4.546,24749,145.59,1.96,1678,2474,1772,0,ON
2026-01-12 21:28:02.742,23.9,1.96,4.557,24545,145.50,2.05,1634,2414,1729,0,ON
2026-01-12 21:28:03.410,23.9,1.93,4.561,24545,145.38,2.17,1652,2449,1755,0,ON
2026-01-12 21:28:04.095,24.0,1.97,4.556,24322,145.26,2.29,1574,2329,1694,0,ON
2026-01-12 21:28:04.764,24.0,2.00,4.551,24322,145.17,2.38,1660,2455,1760,0,ON
2026-01-12 21:28:05.450,24.0,1.96,4.556,24122,145.05,2.50,1615,2390,1714,0,ON
2026-01-12 21:28:06.114,24.0,2.00,4.551,24122,144.94,2.61,1651,2449,1756,0,ON
2026-01-12 21:28:06.798,24.0,1.96,4.556,23925,144.85,2.70,1632,2415,1732,0,ON
2026-01-12 21:28:07.463,24.0,1.99,4.553,23925,144.72,2.82,1592,2363,1693,0,ON
2026-01-12 21:28:08.153,24.0,2.04,4.546,23622,144.63,2.92,1606,2388,1712,0,ON
2026-01-12 21:28:08.829,24.0,2.28,4.516,23622,144.52,3.03,1641,2439,1749,0,ON
2026-01-12 21:28:09.515,24.1,2.33,4.509,23389,144.40,3.15,1616,2395,1717,0,ON
2026-01-12 21:28:10.206,24.1,2.27,4.517,23389,144.30,3.25,1627,2402,1721,0,ON
2026-01-12 21:28:10.906,24.1,2.33,4.509,23158,144.18,3.37,1603,2373,1701,0,ON
2026-01-12 21:28:11.637,24.2,2.32,4.510,23158,144.07,3.48,1668,2465,1768,0,ON
2026-01-12 21:28:12.353,24.1,2.29,4.513,22868,143.96,3.59,1625,2404,1738,0,ON
2026-01-12 21:28:13.062,24.1,2.28,4.515,22868,143.82,3.72,1613,2385,1710,0,ON
2026-01-12 21:28:13.743,24.1,2.17,4.529,22705,143.73,3.82,1652,2448,1754,0,ON
2026-01-12 21:28:14.407,24.1,2.09,4.540,22705,143.61,3.94,1652,2436,1746,0,ON
2026-01-12 21:28:15.087,24.1,2.00,4.551,22483,143.52,4.03,1653,2377,1705,0,ON
2026-01-12 21:28:15.748,24.1,1.96,4.557,22483,143.40,4.14,1659,2456,1763,0,ON
2026-01-12 21:28:16.463,24.1,2.04,4.546,22304,143.29,4.26,1651,2441,1750,0,ON
2026-01-12 21:28:17.123,24.2,1.97,4.556,22304,143.19,4.36,1691,2485,1783,0,ON
2026-01-12 21:28:17.804,24.3,1.99,4.553,22067,143.07,4.48,1632,2405,1725,0,ON
2026-01-12 21:28:18.469,24.2,2.06,4.544,22067,142.96,4.58,1642,2421,1738,0,ON
2026-01-12 21:28:19.149,24.2,2.03,4.547,21872,142.86,4.69,1680,2437,1748,0,ON
2026-01-12 21:28:19.810,24.3,1.95,4.558,21872,142.75,4.80,1596,2360,1692,0,ON
2026-01-12 21:28:20.497,24.2,2.03,4.548,21661,142.65,4.90,1656,2444,1753,0,ON
2026-01-12 21:28:21.160,24.2,1.96,4.557,21661,142.53,5.01,1640,2424,1739,0,ON
2026-01-12 21:28:21.839,24.2,2.00,4.551,21453,142.43,5.12,1667,2462,1765,0,ON
2026-01-12 21:28:22.502,24.2,2.00,4.551,21453,142.32,5.23,1658,2435,1747,0,ON
2026-01-12 21:28:23.183,24.2,2.04,4.547,21302,142.22,5.33,1669,2454,1759,0,ON
2026-01-12 21:28:23.843,24.3,1.98,4.554,21302,142.10,5.44,1662,2450,1758,0,ON
2026-01-12 21:28:24.527,24.3,2.05,4.545,21042,142.00,5.54,1658,2437,1749,0,ON
2026-01-12 21:28:25.191,24.3,1.96,4.557,21042,141.89,5.65,1605,2373,1702,0,ON
2026-01-12 21:28:25.871,24.3,1.95,4.558,20878,141.78,5.77,1645,2434,1745,0,ON
2026-01-12 21:28:26.532,24.3,2.10,4.539,20878,141.68,5.87,1659,2446,1756,0,ON
2026-01-12 21:28:27.212,24.3,1.91,4.563,20643,141.57,5.98,1631,2416,1736,0,ON
2026-01-12 21:28:27.872,24.3,1.97,4.555,20643,141.46,6.09,1656,2452,1760,0,ON
2026-01-12 21:28:28.552,24.3,2.04,4.546,20447,141.35,6.20,1657,2439,1750,0,ON
2026-01-12 21:28:29.215,24.3,1.98,4.555,20447,141.24,6.30,1651,2435,1746,0,ON
2026-01-12 21:28:29.895,24.3,1.98,4.554,20236,141.13,6.42,1656,2448,1757,0,ON
2026-01-12 21:28:30.558,24.3,2.02,4.549,20236,141.03,6.51,1657,2445,1754,0,ON
2026-01-12 21:28:31.238,24.3,1.94,4.560,20061,140.92,6.62,1650,2435,1745,0,ON
2026-01-12 21:28:31.905,24.3,1.95,4.558,20061,140.81,6.74,1680,2478,1778,0,ON
2026-01-12 21:28:32.587,24.3,2.03,4.548,19805,140.70,6.85,1663,2456,1762,0,ON
2026-01-12 21:28:33.250,24.4,1.99,4.553,19805,140.59,6.96,1669,2456,1764,0,ON
2026-01-12 21:28:33.941,24.4,1.91,4.563,19703,140.49,7.05,1709,2510,1803,0,ON
2026-01-12 21:28:34.604,24.4,1.95,4.559,19703,140.37,7.17,1630,2394,1718,0,ON
2026-01-12 21:28:35.285,24.4,1.96,4.556,19501,140.28,7.27,1660,2453,1760,0,ON
2026-01-12 21:28:35.956,24.4,2.00,4.552,19501,140.16,7.38,1663,2452,1761,0,ON
2026-01-12 21:28:36.640,24.4,2.00,4.552,19269,140.05,7.50,1676,2470,1772,0,ON
2026-01-12 21:28:37.302,24.4,1.94,4.559,19269,139.94,7.61,1669,2449,1760,0,ON
2026-01-12 21:28:37.997,24.4,1.96,4.557,19105,139.83,7.72,1695,2493,1790,0,ON
2026-01-12 21:28:38.658,24.4,1.99,4.553,19105,139.71,7.83,1692,2482,1782,0,ON
2026-01-12 21:28:39.338,24.4,1.94,4.559,18927,139.62,7.93,1681,2473,1775,0,ON
2026-01-12 21:28:40.013,24.4,1.97,4.556,18927,139.51,8.04,1665,2455,1763,0,ON
2026-01-12 21:28:40.693,24.4,2.02,4.548,18752,139.40,8.15,1681,2473,1776,0,ON
2026-01-12 21:28:41.353,24.4,1.92,4.562,18752,139.29,8.26,1657,2439,1750,0,ON
2026-01-12 21:28:42.044,24.5,1.96,4.556,18547,139.19,8.36,1689,2493,1790,0,ON
2026-01-12 21:28:42.704,24.5,2.02,4.549,18547,139.08,8.47,1670,2463,1768,0,ON
2026-01-12 21:28:43.385,24.5,1.99,4.552,18375,138.96,8.59,1665,2450,1759,0,ON
2026-01-12 21:28:44.054,24.5,1.97,4.556,18375,138.87,8.68,1669,2459,1767,0,ON
2026-01-12 21:28:44.735,24.6,1.94,4.559,18159,138.75,8.80,1688,2481,1782,0,ON
2026-01-12 21:28:45.395,24.5,1.92,4.562,18159,138.65,8.89,1645,2423,1739,0,ON
2026-01-12 21:28:46.084,24.5,1.95,4.558,18007,138.54,9.01,1693,2482,1782,0,ON
2026-01-12 21:28:46.747,24.6,2.01,4.551,18007,138.41,9.13,1672,2464,1770,0,ON
2026-01-12 21:28:47.427,24.6,2.00,4.552,17782,138.32,9.23,1682,2468,1773,0,ON
2026-01-12 21:28:48.098,24.6,1.98,4.555,17782,138.21,9.34,1651,2429,1743,0,ON
2026-01-12 21:28:48.778,24.6,1.95,4.558,17633,138.11,9.44,1671,2452,1762,0,ON
2026-01-12 21:28:49.438,24.6,1.98,4.554,17633,137.99,9.55,1724,2542,1824,0,ON
2026-01-12 21:28:50.124,24.6,1.98,4.554,17516,137.89,9.66,1678,2465,1770,0,ON
2026-01-12 21:28:50.787,24.6,1.96,4.557,17516,137.77,9.77,1717,2513,1805,0,ON
2026-01-12 21:28:51.473,24.6,1.94,4.559,17313,137.68,9.87,1671,2457,1765,0,ON
2026-01-12 21:28:52.139,24.6,2.02,4.549,17313,137.56,9.99,1687,2478,1779,0,ON
2026-01-12 21:28:52.820,24.6,2.07,4.542,17112,137.45,10.10,1677,2466,1771,0,ON
2026-01-12 21:28:53.481,24.6,2.01,4.550,17112,137.35,10.20,1720,2512,1805,0,ON
2026-01-12 21:28:54.163,24.6,2.00,4.551,16985,137.23,10.31,1705,2501,1796,0,ON
2026-01-12 21:28:54.824,24.6,1.96,4.557,16985,137.14,10.41,1692,2484,1784,0,ON
2026-01-12 21:28:55.506,24.6,1.97,4.556,16845,137.02,10.53,1720,2515,1806,0,ON
2026-01-12 21:28:56.172,24.7,2.11,4.537,16845,136.92,10.63,1717,2508,1802,0,ON
2026-01-12 21:28:56.852,24.7,1.97,4.555,16678,136.81,10.74,1704,2499,1795,0,ON
2026-01-12 21:28:57.513,24.7,2.00,4.552,16678,136.69,10.86,1708,2497,1795,0,ON
2026-01-12 21:28:58.197,24.7,1.98,4.554,16500,136.59,10.96,1698,2489,1788,0,ON
2026-01-12 21:28:58.857,24.7,2.05,4.546,16500,136.48,11.07,1747,2551,1833,0,ON
2026-01-12 21:28:59.540,24.7,1.98,4.554,16337,136.38,11.17,1734,2537,1822,0,ON
2026-01-12 21:29:00.202,24.7,2.08,4.542,16337,136.26,11.28,1699,2496,1795,0,ON
2026-01-12 21:29:00.883,24.7,2.01,4.550,16203,136.17,11.38,1697,2486,1809,0,ON
2026-01-12 21:29:01.542,24.7,2.01,4.550,16203,136.05,11.50,1713,2512,1804,0,ON
2026-01-12 21:29:02.230,24.7,2.06,4.543,16004,135.95,11.60,1721,2520,1812,0,ON
2026-01-12 21:29:02.890,24.7,2.04,4.546,16004,135.84,11.71,1713,2511,1804,0,ON
2026-01-12 21:29:03.570,24.7,1.98,4.555,15848,135.72,11.83,1697,2484,1783,0,ON
2026-01-12 21:29:04.231,24.7,2.13,4.535,15848,135.62,11.93,1720,2527,1816,0,ON
2026-01-12 21:29:04.912,24.7,1.98,4.554,15578,135.50,12.04,1703,2496,1794,0,ON
2026-01-12 21:29:05.573,24.7,2.04,4.547,15578,135.40,12.14,1716,2517,1808,0,ON
2026-01-12 21:29:06.257,24.8,2.14,4.533,15412,135.29,12.26,1708,2498,1796,0,ON
2026-01-12 21:29:06.921,24.7,2.06,4.544,15412,135.19,12.36,1731,2532,1819,0,ON
2026-01-12 21:29:07.604,24.8,2.09,4.540,15288,135.07,12.47,1707,2502,1799,0,ON
2026-01-12 21:29:08.273,24.8,2.09,4.539,15288,134.96,12.58,1731,2533,1820,0,ON
2026-01-12 21:29:08.954,24.8,2.06,4.544,15138,134.87,12.68,1747,2508,1805,0,ON
2026-01-12 21:29:09.614,24.9,2.04,4.546,15138,134.74,12.80,1715,2513,1806,0,ON
2026-01-12 21:29:10.301,24.8,2.07,4.543,14979,134.65,12.90,1745,2550,1831,0,ON
2026-01-12 21:29:10.967,24.9,2.16,4.531,14979,134.54,13.01,1700,2489,1789,0,ON
2026-01-12 21:29:11.649,24.9,2.04,4.546,14846,134.43,13.12,1742,2558,1839,0,ON
2026-01-12 21:29:12.315,24.9,2.16,4.531,14846,134.31,13.24,1725,2518,1810,0,ON
2026-01-12 21:29:12.997,24.9,2.10,4.538,14689,134.20,13.34,1741,2548,1831,0,ON
2026-01-12 21:29:13.657,24.9,2.05,4.545,14689,134.10,13.45,1742,2539,1826,0,ON
2026-01-12 21:29:14.337,24.9,2.07,4.543,14548,133.99,13.56,1717,2509,1803,0,ON
2026-01-12 21:29:14.999,24.9,2.03,4.547,14548,133.89,13.66,1698,2485,1787,0,ON
2026-01-12 21:29:15.678,24.9,2.05,4.545,14371,133.77,13.78,1727,2520,1813,0,ON
2026-01-12 21:29:16.341,24.9,2.10,4.538,14371,133.67,13.88,1725,2520,1821,0,ON
2026-01-12 21:29:17.024,24.9,2.00,4.551,14198,133.56,13.99,1727,2517,1810,0,ON
2026-01-12 21:29:17.687,24.9,2.08,4.541,14198,133.46,14.09,1750,2566,1845,0,ON
2026-01-12 21:29:18.377,24.9,2.16,4.531,14061,133.35,14.20,1746,2544,1829,0,ON
2026-01-12 21:29:19.037,24.9,2.16,4.530,14061,133.23,14.32,1755,2562,1841,0,ON
2026-01-12 21:29:19.717,24.9,2.07,4.542,13948,133.13,14.42,1728,2523,1815,0,ON
2026-01-12 21:29:20.380,24.9,2.28,4.515,13948,133.01,14.54,1764,2578,1854,0,ON
2026-01-12 21:29:21.064,25.0,2.10,4.539,13814,132.91,14.64,1719,2513,1807,0,ON
2026-01-12 21:29:21.723,24.9,2.09,4.540,13814,132.80,14.75,1736,2527,1817,0,ON
2026-01-12 21:29:22.406,25.0,2.32,4.510,13648,132.70,14.85,1729,2517,1809,0,ON
2026-01-12 21:29:23.067,25.0,2.06,4.544,13648,132.58,14.96,1731,2523,1814,0,ON
2026-01-12 21:29:23.748,25.0,2.01,4.550,13484,132.48,15.07,1732,2524,1814,0,ON
2026-01-12 21:29:24.410,25.0,2.13,4.535,13484,132.37,15.17,1731,2526,1816,0,ON
2026-01-12 21:29:25.091,25.0,2.09,4.539,13312,132.26,15.28,1755,2560,1840,0,ON
2026-01-12 21:29:25.754,25.0,2.10,4.538,13312,132.16,15.39,1729,2524,1813,0,ON
2026-01-12 21:29:26.439,25.1,2.12,4.535,13215,132.06,15.49,1775,2586,1861,0,ON
2026-01-12 21:29:27.102,25.1,2.02,4.549,13215,131.96,15.59,1729,2516,1811,0,ON
2026-01-12 21:29:27.782,25.1,2.07,4.543,13078,131.83,15.72,1779,2593,1864,0,ON
2026-01-12 21:29:28.446,25.1,2.17,4.530,13078,131.74,15.80,1723,2510,1807,0,ON
2026-01-12 21:29:29.126,25.1,2.13,4.535,12973,131.62,15.93,1748,2549,1834,0,ON
2026-01-12 21:29:29.788,25.1,2.09,4.540,12973,131.51,16.04,1753,2554,1837,0,ON
2026-01-12 21:29:30.478,25.1,2.14,4.533,12849,131.41,16.14,1752,2554,1836,0,ON
2026-01-12 21:29:31.138,25.1,2.09,4.540,12849,131.30,16.25,1742,2527,1819,0,ON
2026-01-12 21:29:31.818,25.1,2.10,4.539,12731,131.19,16.36,1786,2598,1869,0,ON
2026-01-12 21:29:32.486,25.1,2.36,4.505,12731,131.07,16.47,1773,2583,1860,0,ON
2026-01-12 21:29:33.166,25.1,2.11,4.538,12615,130.98,16.57,1763,2560,1847,0,ON
2026-01-12 21:29:33.829,25.1,2.11,4.537,12615,130.86,16.68,1775,2579,1855,0,ON
2026-01-12 21:29:34.512,25.1,2.29,4.514,12478,130.76,16.78,1756,2556,1840,0,ON
2026-01-12 21:29:35.172,25.1,2.14,4.533,12478,130.65,16.90,1792,2608,1876,0,ON
2026-01-12 21:29:35.851,25.1,2.16,4.530,12305,130.54,17.01,1756,2553,1836,0,ON
2026-01-12 21:29:36.521,25.1,2.24,4.520,12305,130.44,17.11,1761,2559,1841,0,ON
2026-01-12 21:29:37.202,25.2,2.10,4.538,12187,130.33,17.22,1767,2568,1847,0,ON
2026-01-12 21:29:37.863,25.2,2.10,4.539,12187,130.22,17.33,1773,2579,1855,0,ON
2026-01-12 21:29:38.546,25.2,2.23,4.522,12061,130.11,17.44,1770,2573,1852,0,ON
2026-01-12 21:29:39.207,25.2,2.12,4.536,12061,130.01,17.53,1792,2604,1874,0,ON
2026-01-12 21:29:39.888,25.2,2.09,4.540,11955,129.90,17.65,1780,2588,1861,0,ON
2026-01-12 21:29:40.548,25.2,2.08,4.541,11955,129.78,17.77,1734,2519,1813,0,ON
2026-01-12 21:29:41.227,25.2,2.11,4.538,11794,129.68,17.86,1748,2542,1828,0,ON
2026-01-12 21:29:41.888,25.3,2.14,4.533,11794,129.57,17.98,1761,2569,1849,0,ON
2026-01-12 21:29:42.570,25.3,2.07,4.542,11662,129.47,18.08,1778,2584,1860,0,ON
2026-01-12 21:29:43.231,25.2,2.15,4.531,11662,129.35,18.19,1772,2576,1852,0,ON
2026-01-12 21:29:43.912,25.3,2.12,4.535,11569,129.26,18.29,1764,2562,1841,0,ON
2026-01-12 21:29:44.574,25.3,2.24,4.520,11569,129.14,18.41,1767,2565,1845,0,ON
2026-01-12 21:29:45.257,25.3,2.11,4.538,11468,129.04,18.51,1784,2595,1867,0,ON
2026-01-12 21:29:45.918,25.3,2.13,4.534,11468,128.93,18.62,1801,2634,1895,0,ON
2026-01-12 21:29:46.598,25.3,2.09,4.541,11376,128.83,18.72,1818,2632,1892,0,ON
2026-01-12 21:29:47.262,25.3,2.21,4.524,11376,128.72,18.83,1832,2653,1908,0,ON
2026-01-12 21:29:47.946,25.3,2.08,4.541,11259,128.61,18.94,1803,2613,1881,0,ON
2026-01-12 21:29:48.608,25.3,2.09,4.540,11259,128.50,19.05,1796,2607,1877,0,ON
2026-01-12 21:29:49.289,25.3,2.08,4.541,11133,128.39,19.16,1803,2622,1887,0,ON
2026-01-12 21:29:49.955,25.3,2.10,4.539,11133,128.29,19.26,1795,2605,1874,0,ON
2026-01-12 21:29:50.637,25.3,2.08,4.541,11009,128.17,19.38,1780,2574,1852,0,ON
2026-01-12 21:29:51.298,25.3,2.10,4.539,11009,128.07,19.47,1793,2601,1872,0,ON
2026-01-12 21:29:51.978,25.3,2.10,4.538,10904,127.95,19.59,1772,2568,1847,0,ON
2026-01-12 21:29:52.638,25.3,2.22,4.524,10904,127.85,19.70,1829,2647,1903,0,ON
2026-01-12 21:29:53.319,25.3,2.22,4.523,10826,127.74,19.81,1816,2593,1866,0,ON
2026-01-12 21:29:53.979,25.3,2.14,4.534,10826,127.63,19.92,1815,2628,1890,0,ON
2026-01-12 21:29:54.661,25.4,2.09,4.540,10713,127.53,20.02,1817,2629,1891,0,ON
2026-01-12 21:29:55.328,25.3,2.28,4.515,10713,127.41,20.14,1840,2664,1917,0,ON
2026-01-12 21:29:56.012,25.4,2.19,4.527,10611,127.31,20.23,1798,2606,1877,0,ON
2026-01-12 21:29:56.671,25.4,2.20,4.526,10611,127.20,20.35,1818,2638,1898,0,ON
2026-01-12 21:29:57.352,25.4,2.24,4.520,10484,127.10,20.45,1817,2630,1893,0,ON
2026-01-12 21:29:58.015,25.4,2.19,4.527,10484,126.99,20.56,1794,2603,1873,0,ON
2026-01-12 21:29:58.696,25.4,2.21,4.525,10400,126.89,20.66,1802,2613,1880,0,ON
2026-01-12 21:29:59.363,25.4,2.23,4.522,10400,126.77,20.77,1805,2611,1881,0,ON
2026-01-12 21:30:00.046,25.4,2.19,4.527,10316,126.66,20.89,1810,2620,1885,0,ON
2026-01-12 21:30:00.715,25.4,2.26,4.518,10316,126.55,21.00,1796,2597,1870,0,ON
2026-01-12 21:30:01.401,25.4,2.19,4.527,10201,126.44,21.11,1819,2631,1892,0,ON
2026-01-12 21:30:02.065,25.4,2.27,4.516,10201,126.34,21.21,1819,2629,1893,0,ON
2026-01-12 21:30:02.748,25.5,2.29,4.514,10127,126.23,21.32,1826,2632,1894,0,ON
2026-01-12 21:30:03.424,25.4,2.13,4.535,10127,126.12,21.43,1804,2601,1872,0,ON
2026-01-12 21:30:04.107,25.4,2.25,4.519,10063,126.02,21.53,1814,2623,1887,0,ON
2026-01-12 21:30:04.771,25.4,2.32,4.510,10063,125.90,21.65,1817,2626,1891,0,ON
2026-01-12 21:30:05.452,25.5,2.29,4.514,9982,125.80,21.75,1841,2659,1913,0,ON
2026-01-12 21:30:06.116,25.6,2.21,4.524,9982,125.68,21.86,1845,2675,1927,0,ON
2026-01-12 21:30:06.804,25.5,2.30,4.512,9926,125.57,21.98,1819,2628,1894,0,ON
2026-01-12 21:30:07.471,25.5,2.53,4.482,9926,125.47,22.07,1833,2651,1907,0,ON
2026-01-12 21:30:08.151,25.5,2.47,4.490,9847,125.36,22.19,1823,2639,1901,0,ON
2026-01-12 21:30:08.813,25.5,2.44,4.494,9847,125.26,22.29,1840,2652,1907,0,ON
2026-01-12 21:30:09.508,25.4,2.41,4.499,9791,125.15,22.40,1810,2609,1879,0,ON
2026-01-12 21:30:10.173,25.5,2.47,4.491,9791,125.03,22.52,1854,2674,1924,0,ON
2026-01-12 21:30:10.857,25.5,2.45,4.494,9751,124.93,22.62,1819,2626,1891,0,ON
2026-01-12 21:30:11.524,25.5,2.84,4.442,9751,124.82,22.73,1836,2651,1908,0,ON
2026-01-12 21:30:12.205,25.6,2.46,4.492,9696,124.72,22.83,1850,2675,1928,0,ON
2026-01-12 21:30:12.869,25.6,2.36,4.505,9696,124.60,22.95,1839,2657,1912,0,ON
2026-01-12 21:30:13.553,25.6,2.56,4.479,9653,124.50,23.05,1815,2625,1890,0,ON
2026-01-12 21:30:14.219,25.6,2.53,4.482,9653,124.39,23.16,1802,2602,1873,0,ON
2026-01-12 21:30:14.900,25.6,2.53,4.482,9619,124.28,23.27,1817,2620,1884,0,ON
2026-01-12 21:30:15.561,25.6,2.68,4.463,9619,124.18,23.37,1846,2661,1917,0,ON
2026-01-12 21:30:16.242,25.6,2.53,4.482,9595,124.07,23.48,1880,2711,1951,0,ON
2026-01-12 21:30:16.906,25.6,2.54,4.481,9595,123.97,23.58,1843,2653,1910,0,ON
2026-01-12 21:30:17.595,25.6,2.93,4.430,9580,123.85,23.70,1850,2665,1918,0,ON
2026-01-12 21:30:18.256,25.6,2.63,4.470,9580,123.73,23.81,1815,2644,1904,0,ON
2026-01-12 21:30:18.937,25.6,2.59,4.475,9573,123.64,23.91,1864,2690,1931,0,ON
2026-01-12 21:30:19.599,25.6,2.68,4.464,9573,123.52,24.03,1820,2624,1888,0,ON
2026-01-12 21:30:20.279,25.6,2.73,4.456,9575,123.42,24.12,1861,2686,1934,0,ON
2026-01-12 21:30:20.949,25.6,2.73,4.457,9575,123.31,24.24,1807,2606,1876,0,ON
2026-01-12 21:30:21.635,25.6,2.74,4.455,9580,123.21,24.34,1862,2684,1934,0,ON
2026-01-12 21:30:22.297,25.7,2.76,4.453,9580,123.10,24.45,1860,2679,1927,0,ON
2026-01-12 21:30:22.990,25.7,2.80,4.448,9588,122.99,24.55,1837,2647,1907,0,ON
2026-01-12 21:30:23.650,25.7,2.83,4.443,9588,122.87,24.67,1819,2615,1883,0,ON
2026-01-12 21:30:24.332,25.7,2.90,4.435,9612,122.77,24.78,1890,2720,1959,0,ON
2026-01-12 21:30:25.007,25.7,2.74,4.455,9612,122.66,24.89,1874,2699,1943,0,ON
2026-01-12 21:30:25.688,25.8,2.87,4.438,9634,122.55,25.00,1828,2632,1895,0,ON
2026-01-12 21:30:26.351,25.7,2.88,4.437,9634,122.44,25.11,1839,2646,1904,0,ON
2026-01-12 21:30:27.042,25.8,2.84,4.443,9681,122.34,25.21,1852,2667,1919,0,ON
2026-01-12 21:30:27.703,25.8,2.96,4.426,9681,122.22,25.33,1871,2698,1942,0,ON
2026-01-12 21:30:28.381,25.7,2.97,4.425,9705,122.12,25.43,1828,2630,1895,0,ON
2026-01-12 21:30:29.060,25.7,2.93,4.431,9705,122.00,25.55,1837,2654,1908,0,ON
2026-01-12 21:30:29.741,25.7,3.05,4.415,9767,121.90,25.65,1856,2674,1924,0,ON
2026-01-12 21:30:30.403,25.8,2.98,4.424,9767,121.79,25.76,1861,2681,1931,0,ON
2026-01-12 21:30:31.092,25.8,3.04,4.416,9791,121.68,25.87,1836,2645,1902,0,ON
2026-01-12 21:30:31.753,25.8,3.10,4.409,9791,121.59,25.96,1857,2680,1929,0,ON
2026-01-12 21:30:32.432,25.8,3.14,4.404,9838,121.47,26.08,1877,2705,1948,0,ON
2026-01-12 21:30:33.102,25.8,2.92,4.432,9838,121.37,26.18,1863,2682,1932,0,ON
2026-01-12 21:30:33.783,25.8,3.10,4.409,9894,121.26,26.29,1872,2695,1941,0,ON
2026-01-12 21:30:34.444,25.8,3.04,4.416,9894,121.14,26.41,1841,2649,1908,0,ON
2026-01-12 21:30:35.131,25.8,3.10,4.409,9966,121.04,26.51,1861,2686,1934,0,ON
2026-01-12 21:30:35.792,25.8,3.14,4.403,9966,120.93,26.62,1865,2683,1931,0,ON
2026-01-12 21:30:36.472,25.8,3.06,4.414,10047,120.83,26.72,1873,2694,1938,0,ON
2026-01-12 21:30:37.138,25.8,3.12,4.406,10047,120.72,26.83,1863,2678,1929,0,ON
2026-01-12 21:30:37.819,25.8,3.12,4.406,10063,120.61,26.94,1904,2737,1971,0,ON
2026-01-12 21:30:38.481,25.8,2.93,4.431,10063,120.50,27.05,1872,2690,1937,0,ON
2026-01-12 21:30:39.168,25.8,3.03,4.418,10120,120.40,27.15,1888,2715,1958,0,ON
2026-01-12 21:30:39.829,25.8,3.21,4.394,10120,120.28,27.26,1907,2743,1976,0,ON
2026-01-12 21:30:40.511,25.8,3.17,4.399,10168,120.17,27.38,1865,2682,1932,0,ON
2026-01-12 21:30:41.174,25.8,3.21,4.394,10168,120.07,27.48,1883,2709,1950,0,ON
2026-01-12 21:30:41.853,25.8,3.15,4.402,10267,119.96,27.59,1849,2659,1912,0,ON
2026-01-12 21:30:42.514,25.8,3.07,4.413,10267,119.86,27.69,1905,2737,1969,0,ON
2026-01-12 21:30:43.199,25.8,3.18,4.398,10325,119.74,27.81,1848,2652,1910,0,ON
2026-01-12 21:30:43.860,25.8,3.27,4.386,10325,119.64,27.91,1864,2687,1936,0,ON
2026-01-12 21:30:44.541,25.9,3.16,4.401,10408,119.53,28.02,1866,2684,1934,0,ON
2026-01-12 21:30:45.201,25.9,3.28,4.386,10408,119.41,28.13,1892,2722,1960,0,ON
2026-01-12 21:30:45.882,25.9,3.22,4.393,10450,119.31,28.23,1853,2664,1918,0,ON
2026-01-12 21:30:46.544,25.9,3.21,4.394,10450,119.20,28.35,1899,2729,1965,0,ON
2026-01-12 21:30:47.226,25.9,3.32,4.380,10526,119.10,28.45,1901,2734,1972,0,ON
2026-01-12 21:30:47.890,25.9,3.27,4.387,10526,118.99,28.56,1920,2758,1986,0,ON
2026-01-12 21:30:48.576,25.9,3.34,4.377,10585,118.89,28.65,1877,2691,1940,0,ON
2026-01-12 21:30:49.240,25.9,3.36,4.375,10585,118.77,28.77,1897,2727,1965,0,ON
2026-01-12 21:30:49.923,25.9,3.38,4.372,10644,118.67,28.88,1903,2732,1967,0,ON
2026-01-12 21:30:50.583,25.9,3.31,4.381,10644,118.56,28.98,1886,2703,1946,0,ON
2026-01-12 21:30:51.270,25.9,3.42,4.367,10704,118.44,29.10,1901,2732,1969,0,ON
2026-01-12 21:30:51.932,25.9,3.44,4.364,10704,118.35,29.20,1896,2721,1960,0,ON
2026-01-12 21:30:52.612,25.9,3.25,4.390,10782,118.23,29.32,1892,2717,1958,0,ON
2026-01-12 21:30:53.280,25.9,3.50,4.357,10782,118.14,29.41,1878,2695,1941,0,ON
2026-01-12 21:30:53.961,26.0,3.48,4.360,10869,118.02,29.53,1894,2719,1959,0,ON
2026-01-12 21:30:54.622,26.0,3.43,4.365,10869,117.92,29.63,1889,2712,1955,0,ON
2026-01-12 21:30:55.309,26.0,3.50,4.356,10947,117.80,29.74,1877,2696,1941,0,ON
2026-01-12 21:30:55.970,26.0,3.40,4.370,10947,117.69,29.85,1876,2688,1937,0,ON
2026-01-12 21:30:56.652,26.0,3.35,4.377,11009,117.59,29.96,1927,2767,1993,0,ON
2026-01-12 21:30:57.320,26.0,3.45,4.364,11009,117.48,30.07,1891,2709,1950,0,ON
2026-01-12 21:30:57.998,26.0,3.43,4.366,11089,117.38,30.17,1882,2694,1936,0,ON
2026-01-12 21:30:58.660,26.0,3.25,4.389,11089,117.27,30.28,1908,2736,1972,0,ON
2026-01-12 21:30:59.345,26.0,3.46,4.362,11142,117.16,30.39,1892,2718,1957,0,ON
2026-01-12 21:31:00.007,26.0,3.39,4.371,11142,117.05,30.50,1884,2700,1946,0,ON
2026-01-12 21:31:00.689,26.1,3.52,4.354,11232,116.94,30.61,1943,2787,2007,0,ON
2026-01-12 21:31:01.352,26.1,3.55,4.350,11232,116.83,30.71,1919,2754,1984,0,ON
2026-01-12 21:31:02.033,26.1,3.49,4.357,11286,116.72,30.83,1917,2750,1978,0,ON
2026-01-12 21:31:02.694,26.1,3.43,4.366,11286,116.62,30.92,1885,2698,1944,0,ON
2026-01-12 21:31:03.378,26.1,3.65,4.337,11349,116.51,31.04,1926,2760,1989,0,ON
2026-01-12 21:31:04.040,26.1,3.57,4.348,11349,116.41,31.13,1923,2755,1986,0,ON
2026-01-12 21:31:04.723,26.1,3.52,4.353,11412,116.30,31.25,1909,2738,1972,0,ON
2026-01-12 21:31:05.388,26.1,3.60,4.343,11412,116.18,31.37,1894,2715,1958,0,ON
2026-01-12 21:31:06.070,26.1,3.55,4.350,11513,116.08,31.46,1903,2734,1967,0,ON
2026-01-12 21:31:06.734,26.1,3.48,4.359,11513,115.97,31.58,1920,2753,1983,0,ON
2026-01-12 21:31:07.418,26.1,3.71,4.329,11579,115.86,31.69,1912,2744,1991,0,ON
2026-01-12 21:31:08.083,26.1,3.67,4.335,11579,115.76,31.79,1904,2730,1968,0,ON
2026-01-12 21:31:08.765,26.1,3.71,4.329,11643,115.65,31.90,1914,2744,1977,0,ON
2026-01-12 21:31:09.432,26.1,3.66,4.336,11643,115.53,32.01,1909,2734,1968,0,ON
2026-01-12 21:31:10.112,26.1,3.51,4.355,11727,115.44,32.11,1901,2718,1956,0,ON
2026-01-12 21:31:10.772,26.1,3.63,4.340,11727,115.32,32.22,1898,2718,1958,0,ON
2026-01-12 21:31:11.457,26.1,3.78,4.320,11784,115.21,32.34,1941,2782,2006,0,ON
2026-01-12 21:31:12.118,26.1,3.65,4.337,11784,115.11,32.44,1908,2727,1964,0,ON
2026-01-12 21:31:12.800,26.2,3.66,4.336,11831,114.99,32.55,1904,2727,1965,0,ON
2026-01-12 21:31:13.466,26.1,3.85,4.311,11831,114.89,32.65,1934,2772,1998,0,ON
2026-01-12 21:31:14.147,26.2,3.61,4.342,11936,114.78,32.76,1928,2763,1990,0,ON
2026-01-12 21:31:14.807,26.2,3.69,4.331,11936,114.68,32.87,1913,2745,1975,0,ON
2026-01-12 21:31:15.493,26.2,3.82,4.315,12013,114.57,32.98,1904,2724,1963,0,ON
2026-01-12 21:31:16.155,26.2,3.80,4.318,12013,114.45,33.10,1946,2788,2008,0,ON
2026-01-12 21:31:16.836,26.2,3.76,4.323,12090,114.36,33.19,1917,2748,1982,0,ON
2026-01-12 21:31:17.502,26.2,3.87,4.308,12090,114.24,33.31,1918,2747,1976,0,ON
2026-01-12 21:31:18.182,26.2,3.78,4.320,12139,114.15,33.40,1936,2770,1996,0,ON
2026-01-12 21:31:18.843,26.2,3.80,4.317,12139,114.03,33.52,1937,2772,2015,0,ON
2026-01-12 21:31:19.524,26.2,4.01,4.291,12216,113.92,33.62,1913,2734,1970,0,ON
2026-01-12 21:31:20.186,26.2,3.81,4.316,12216,113.81,33.73,1913,2736,1970,0,ON
2026-01-12 21:31:20.868,26.2,3.76,4.323,12275,113.72,33.83,1937,2771,1997,0,ON
2026-01-12 21:31:21.532,26.2,3.80,4.318,12275,113.60,33.94,1947,2787,2005,0,ON
2026-01-12 21:31:22.214,26.2,3.82,4.315,12325,113.49,34.06,1902,2716,1957,0,ON
2026-01-12 21:31:22.875,26.2,3.79,4.318,12325,113.39,34.16,1946,2788,2008,0,ON
2026-01-12 21:31:23.564,26.3,3.75,4.324,12414,113.27,34.28,1920,2748,1981,0,ON
2026-01-12 21:31:24.224,26.3,3.84,4.313,12414,113.18,34.37,1948,2784,2003,0,ON
2026-01-12 21:31:24.904,26.2,3.82,4.315,12514,113.06,34.48,1906,2727,1963,0,ON
2026-01-12 21:31:25.566,26.2,3.97,4.295,12514,112.96,34.59,1953,2799,2015,0,ON
2026-01-12 21:31:26.249,26.2,3.83,4.313,12574,112.84,34.71,1917,2740,1975,0,ON
2026-01-12 21:31:26.914,26.2,3.95,4.298,12574,112.73,34.82,1934,2771,1995,0,ON
2026-01-12 21:31:27.601,26.3,3.95,4.298,12645,112.63,34.92,1926,2749,1980,0,ON
2026-01-12 21:31:28.261,26.3,3.96,4.297,12645,112.52,35.03,1964,2811,2027,0,ON
2026-01-12 21:31:28.949,26.3,3.92,4.302,12686,112.41,35.13,1927,2757,1986,0,ON
2026-01-12 21:31:29.611,26.3,4.01,4.290,12686,112.30,35.25,1940,2772,1995,0,ON
2026-01-12 21:31:30.292,26.3,3.90,4.305,12767,112.20,35.35,1956,2801,2017,0,ON
2026-01-12 21:31:30.967,26.3,3.99,4.293,12767,112.09,35.46,1969,2818,2029,0,ON
2026-01-12 21:31:31.647,26.4,4.07,4.283,12839,111.97,35.58,1919,2745,1975,0,ON
2026-01-12 21:31:32.307,26.4,3.90,4.305,12839,111.88,35.67,1962,2809,2025,0,ON
2026-01-12 21:31:32.999,26.4,3.96,4.297,12900,111.76,35.79,1955,2742,1976,0,ON
2026-01-12 21:31:33.660,26.4,4.04,4.287,12900,111.66,35.89,1963,2811,2025,0,ON
2026-01-12 21:31:34.340,26.4,4.00,4.291,13005,111.54,36.01,1938,2774,1997,0,ON
2026-01-12 21:31:35.015,26.4,4.00,4.291,13005,111.43,36.12,1938,2769,1996,0,ON
2026-01-12 21:31:35.697,26.4,3.92,4.302,13057,111.34,36.21,1957,2802,2021,0,ON
2026-01-12 21:31:36.358,26.4,4.05,4.284,13057,111.22,36.33,1956,2800,2018,0,ON
2026-01-12 21:31:37.051,26.4,3.92,4.302,13121,111.11,36.44,1946,2785,2008,0,ON
2026-01-12 21:31:37.713,26.4,4.05,4.285,13121,111.01,36.54,1938,2775,1999,0,ON
2026-01-12 21:31:38.394,26.4,4.01,4.290,13194,110.90,36.64,1972,2821,2033,0,ON
2026-01-12 21:31:39.059,26.4,4.11,4.277,13194,110.79,36.76,1960,2805,2023,0,ON
2026-01-12 21:31:39.744,26.4,4.15,4.272,13258,110.68,36.87,1945,2781,2004,0,ON
2026-01-12 21:31:40.404,26.4,4.02,4.289,13258,110.58,36.97,1954,2796,2013,0,ON
2026-01-12 21:31:41.089,26.4,4.17,4.270,13301,110.46,37.09,1957,2797,2015,0,ON
2026-01-12 21:31:41.751,26.4,4.04,4.286,13301,110.36,37.19,1968,2815,2029,0,ON
2026-01-12 21:31:42.430,26.4,4.25,4.259,13398,110.25,37.30,1949,2793,2011,0,ON
2026-01-12 21:31:43.099,26.5,4.17,4.269,13398,110.13,37.41,1951,2794,2013,0,ON
2026-01-12 21:31:43.780,26.4,4.22,4.263,13462,110.04,37.51,1971,2821,2032,0,ON
2026-01-12 21:31:44.440,26.4,4.12,4.276,13462,109.92,37.63,1958,2799,2021,0,ON
2026-01-12 21:31:45.121,26.4,4.26,4.257,13505,109.82,37.73,1955,2796,2002,0,ON
2026-01-12 21:31:45.786,26.4,4.21,4.265,13505,109.70,37.85,1944,2782,2005,0,ON
2026-01-12 21:31:46.464,26.4,4.20,4.265,13582,109.61,37.94,1956,2802,2019,0,ON
2026-01-12 21:31:47.131,26.4,4.29,4.254,13582,109.50,38.05,1943,2775,2000,0,ON
2026-01-12 21:31:47.817,26.5,4.17,4.270,13648,109.40,38.15,1967,2810,2024,0,ON
2026-01-12 21:31:48.485,26.5,4.25,4.259,13648,109.28,38.27,1944,2782,2003,0,ON
2026-01-12 21:31:49.171,26.5,4.34,4.248,13703,109.17,38.38,1960,2804,2020,0,ON
2026-01-12 21:31:49.832,26.5,4.27,4.256,13703,109.06,38.48,1960,2800,2017,0,ON
2026-01-12 21:31:50.513,26.6,4.23,4.261,13791,108.96,38.59,1946,2783,2004,0,ON
2026-01-12 21:31:51.178,26.5,4.35,4.246,13791,108.85,38.69,1966,2813,2028,0,ON
2026-01-12 21:31:51.858,26.5,4.14,4.273,13892,108.74,38.81,1974,2821,2032,0,ON
2026-01-12 21:31:52.521,26.5,4.12,4.276,13892,108.62,38.93,1950,2788,2008,0,ON
2026-01-12 21:31:53.204,26.5,4.25,4.259,13948,108.53,39.02,1959,2803,2020,0,ON
2026-01-12 21:31:53.867,26.5,4.25,4.260,13948,108.41,39.13,1960,2802,2021,0,ON
2026-01-12 21:31:54.547,26.5,4.18,4.268,14005,108.31,39.23,1977,2823,2034,0,ON
2026-01-12 21:31:55.209,26.6,4.33,4.249,14005,108.20,39.35,1938,2765,1996,0,ON
2026-01-12 21:31:55.890,26.6,4.48,4.229,14061,108.10,39.45,1969,2817,2029,0,ON
2026-01-12 21:31:56.553,26.6,4.31,4.251,14061,107.99,39.56,1955,2796,2014,0,ON
2026-01-12 21:31:57.236,26.6,4.33,4.248,14152,107.89,39.66,1952,2787,2007,0,ON
2026-01-12 21:31:57.896,26.6,4.40,4.240,14152,107.78,39.77,1950,2788,2009,0,ON
2026-01-12 21:31:58.576,26.6,4.38,4.242,14198,107.67,39.88,1966,2805,2023,0,ON
2026-01-12 21:31:59.239,26.6,4.24,4.260,14198,107.56,39.99,1966,2812,2028,0,ON
2026-01-12 21:31:59.919,26.6,4.44,4.235,14267,107.45,40.10,1957,2799,2017,0,ON
2026-01-12 21:32:00.580,26.6,4.27,4.257,14267,107.35,40.20,1993,2849,2055,0,ON
2026-01-12 21:32:01.267,26.6,4.39,4.241,14337,107.23,40.32,1990,2844,2051,0,ON
2026-01-12 21:32:01.930,26.6,4.40,4.240,14337,107.13,40.41,1959,2798,2019,0,ON
2026-01-12 21:32:02.613,26.6,4.49,4.228,14407,107.02,40.53,1968,2813,2030,0,ON
2026-01-12 21:32:03.275,26.6,4.49,4.228,14407,106.91,40.64,1967,2807,2025,0,ON
2026-01-12 21:32:03.955,26.6,4.49,4.228,14453,106.80,40.75,1965,2807,2025,0,ON
2026-01-12 21:32:04.615,26.6,4.39,4.241,14453,106.69,40.86,1973,2823,2034,0,ON
2026-01-12 21:32:05.300,26.6,4.49,4.228,14536,106.59,40.96,1947,2778,2005,0,ON
2026-01-12 21:32:05.962,26.6,4.50,4.227,14536,106.47,41.08,1977,2826,2037,0,ON
2026-01-12 21:32:06.648,26.6,4.45,4.233,14595,106.37,41.18,1966,2804,2025,0,ON
2026-01-12 21:32:07.315,26.6,4.44,4.234,14595,106.26,41.29,1964,2806,2024,0,ON
2026-01-12 21:32:07.995,26.7,4.47,4.230,14642,106.16,41.39,1969,2810,2028,0,ON
2026-01-12 21:32:08.655,26.6,4.65,4.207,14642,106.04,41.51,1983,2833,2044,0,ON
2026-01-12 21:32:09.343,26.7,4.52,4.224,14702,105.94,41.61,1968,2809,2028,0,ON
2026-01-12 21:32:10.004,26.7,4.57,4.217,14702,105.83,41.72,1970,2811,2027,0,ON
2026-01-12 21:32:10.684,26.7,4.54,4.222,14786,105.72,41.83,1969,2808,2028,0,ON
2026-01-12 21:32:11.349,26.6,4.55,4.220,14786,105.62,41.93,1985,2835,2044,0,ON
2026-01-12 21:32:12.028,26.7,4.67,4.204,14858,105.50,42.05,1952,2784,2009,0,ON
2026-01-12 21:32:12.689,26.7,4.54,4.222,14858,105.40,42.15,1987,2838,2028,0,ON
2026-01-12 21:32:13.374,26.7,4.62,4.211,14906,105.29,42.26,1976,2821,2037,0,ON
2026-01-12 21:32:14.037,26.7,4.78,4.190,14906,105.19,42.36,1983,2831,2042,0,ON
2026-01-12 21:32:14.715,26.7,4.65,4.207,14955,105.07,42.47,1986,2822,2043,0,ON
2026-01-12 21:32:15.383,26.7,4.70,4.200,14955,104.96,42.59,1978,2821,2037,0,ON
2026-01-12 21:32:16.063,26.7,4.60,4.213,15028,104.86,42.69,2004,2863,2065,0,ON
2026-01-12 21:32:16.722,26.7,4.79,4.188,15028,104.74,42.80,1956,2788,2010,0,ON
2026-01-12 21:32:17.404,26.7,4.60,4.214,15102,104.65,42.90,1985,2839,2047,0,ON
2026-01-12 21:32:18.067,26.8,4.85,4.181,15102,104.53,43.02,1972,2808,2029,0,ON
2026-01-12 21:32:18.749,26.7,4.70,4.201,15176,104.43,43.12,1993,2845,2054,0,ON
2026-01-12 21:32:19.412,26.8,4.74,4.195,15176,104.31,43.23,1963,2795,2018,0,ON
2026-01-12 21:32:20.091,26.8,4.81,4.186,15225,104.21,43.33,1993,2845,2054,0,ON
2026-01-12 21:32:20.752,26.8,4.78,4.190,15225,104.09,43.45,1980,2817,2039,0,ON
2026-01-12 21:32:21.432,26.8,4.83,4.184,15288,104.00,43.55,1983,2828,2046,0,ON
2026-01-12 21:32:22.094,26.8,4.77,4.191,15288,103.89,43.66,1986,2835,2047,0,ON
2026-01-12 21:32:22.777,26.8,4.95,4.168,15337,103.77,43.78,1989,2837,2050,0,ON
2026-01-12 21:32:23.440,26.8,4.75,4.194,15337,103.67,43.88,1989,2836,2049,0,ON
2026-01-12 21:32:24.120,26.8,4.91,4.174,15401,103.56,43.99,1993,2842,2054,0,ON
2026-01-12 21:32:24.780,26.8,5.09,4.150,15401,103.46,44.09,1980,2822,2041,0,ON
2026-01-12 21:32:25.463,26.8,4.93,4.171,15489,103.35,44.20,1987,2829,2045,0,ON
2026-01-12 21:32:26.130,26.8,5.04,4.156,15489,103.25,44.30,1985,2823,2043,0,ON
2026-01-12 21:32:26.823,26.8,4.90,4.175,15526,103.14,44.41,1992,2835,2053,0,ON
2026-01-12 21:32:27.488,26.8,5.04,4.156,15526,103.02,44.53,1985,2828,2048,0,ON
2026-01-12 21:32:28.172,26.9,5.15,4.142,15578,102.92,44.63,1998,2855,2061,0,ON
2026-01-12 21:32:28.835,26.8,5.02,4.159,15578,102.81,44.74,1959,2809,2028,0,ON
2026-01-12 21:32:29.518,26.8,5.09,4.150,15654,102.70,44.84,1976,2841,2058,0,ON
2026-01-12 21:32:30.183,26.8,5.17,4.139,15654,102.59,44.96,1973,2811,2032,0,ON
2026-01-12 21:32:30.867,26.8,5.13,4.144,15706,102.48,45.07,1975,2805,2035,0,ON
2026-01-12 21:32:31.533,26.8,5.14,4.143,15706,102.38,45.17,2009,2860,2071,0,ON
2026-01-12 21:32:32.215,26.9,5.28,4.125,15783,102.26,45.29,1982,2817,2039,0,ON
2026-01-12 21:32:32.879,26.8,5.19,4.137,15783,102.16,45.38,1991,2832,2052,0,ON
2026-01-12 21:32:33.565,26.8,5.26,4.127,15835,102.05,45.50,1983,2825,2042,0,ON
2026-01-12 21:32:34.230,26.9,5.40,4.109,15835,101.93,45.61,2005,2849,2065,0,ON
2026-01-12 21:32:34.917,26.9,5.28,4.125,15906,101.83,45.72,1981,2804,2038,0,ON
2026-01-12 21:32:35.589,26.9,5.33,4.119,15906,101.72,45.82,1999,2834,2060,0,ON
2026-01-12 21:32:36.275,26.9,5.26,4.128,15965,101.62,45.93,2021,2871,2083,0,ON
2026-01-12 21:32:36.947,26.9,5.49,4.098,15965,101.51,46.04,1998,2839,2058,0,ON
2026-01-12 21:32:37.632,26.9,5.49,4.097,16004,101.40,46.15,1990,2825,2048,0,ON
2026-01-12 21:32:38.295,26.9,5.41,4.109,16004,101.29,46.26,1993,2826,2052,0,ON
2026-01-12 21:32:38.988,26.9,5.60,4.083,16044,101.18,46.37,1992,2814,2051,0,ON
2026-01-12 21:32:39.655,26.9,5.52,4.093,16044,101.07,46.48,1985,2799,2044,0,ON
2026-01-12 21:32:40.340,26.9,5.58,4.086,16124,100.96,46.59,2005,2830,2067,0,ON
2026-01-12 21:32:41.016,26.9,5.71,4.069,16124,100.86,46.69,1974,2780,2032,0,ON
2026-01-12 21:32:41.699,27.0,5.74,4.066,16176,100.74,46.80,1994,2798,2056,0,ON
2026-01-12 21:32:42.366,27.0,5.74,4.065,16176,100.63,46.91,1952,2733,2009,0,ON
2026-01-12 21:32:43.053,27.0,5.89,4.046,16230,100.53,47.01,1982,2772,2041,0,ON
2026-01-12 21:32:43.716,26.9,6.11,4.017,16230,100.42,47.12,1985,2782,2046,0,ON
2026-01-12 21:32:44.401,26.9,6.04,4.027,16290,100.31,47.24,1976,2754,2033,0,ON
2026-01-12 21:32:45.076,26.9,6.35,3.986,16290,100.21,47.34,1977,2749,2036,0,ON
2026-01-12 21:32:45.759,26.9,6.52,3.964,16344,100.09,47.46,1930,2621,1982,0,ON
2026-01-12 21:32:46.424,26.9,6.70,3.940,16344,99.98,47.57,1927,2528,1980,0,ON
2026-01-12 21:32:47.116,26.9,7.35,3.869,16391,99.89,47.66,1869,2319,1915,0,ON
2026-01-12 21:32:47.780,27.0,9.24,3.677,16391,99.78,47.77,1812,2050,1851,0,ON
2026-01-12 21:32:48.464,27.0,10.29,3.570,16445,99.67,47.88,1755,1839,1786,0,ON
2026-01-12 21:32:49.131,27.0,11.16,3.482,16445,99.56,47.99,1725,1691,1751,0,ON
2026-01-12 21:32:49.815,26.9,11.95,3.402,16568,99.45,48.10,1682,1563,1703,0,ON
2026-01-12 21:32:50.478,27.0,12.82,3.313,16568,99.35,48.20,1677,1523,1698,0,ON
2026-01-12 21:32:51.167,27.0,13.36,3.258,16761,99.24,48.31,1648,1475,1666,0,ON
2026-01-12 21:32:51.831,27.0,13.96,3.197,16761,99.14,48.41,1658,1480,1678,0,ON
2026-01-12 21:32:52.516,27.0,14.00,3.191,16942,99.03,48.52,1665,1475,1684,0,ON
2026-01-12 21:32:53.179,27.0,13.95,3.198,16942,98.92,48.63,1660,1473,1681,0,ON
2026-01-12 21:32:53.865,27.0,14.00,3.183,17155,98.82,48.73,1649,1459,1667,0,ON
2026-01-12 21:32:54.529,27.0,14.00,3.162,17155,98.70,48.84,1649,1457,1668,0,ON
2026-01-12 21:32:55.216,27.0,14.00,3.158,17342,98.60,48.94,1661,1465,1679,0,ON
2026-01-12 21:32:55.880,27.0,14.00,3.161,17342,98.50,49.05,1651,1462,1668,0,ON
2026-01-12 21:32:56.562,27.0,14.00,3.151,17458,98.40,49.15,1649,1463,1668,0,ON
2026-01-12 21:32:57.233,27.1,14.00,3.156,17458,98.28,49.27,1653,1461,1670,0,ON
2026-01-12 21:32:57.915,27.0,14.00,3.151,17553,98.17,49.38,1652,1456,1668,0,ON
2026-01-12 21:32:58.578,27.0,14.00,3.153,17553,98.07,49.48,1660,1465,1679,0,ON
2026-01-12 21:32:59.265,27.1,14.00,3.137,17722,97.96,49.59,1639,1451,1656,0,ON
2026-01-12 21:32:59.929,27.1,14.00,3.136,17722,97.85,49.70,1665,1462,1672,0,ON
2026-01-12 21:33:00.612,27.0,14.00,3.134,17887,97.75,49.80,1650,1450,1663,0,ON
2026-01-12 21:33:01.277,27.1,14.00,3.129,17887,97.64,49.91,1661,1465,1678,0,ON
2026-01-12 21:33:01.959,27.1,14.00,3.130,18037,97.53,50.02,1668,1478,1689,0,ON
2026-01-12 21:33:02.624,27.0,14.00,3.130,18037,97.42,50.13,1663,1474,1683,0,ON
2026-01-12 21:33:03.311,27.0,14.00,3.135,18114,97.32,50.23,1654,1459,1670,0,ON
2026-01-12 21:33:03.977,27.1,14.00,3.127,18114,97.21,50.34,1662,1468,1678,0,ON
2026-01-12 21:33:04.665,27.1,14.00,3.137,18312,97.09,50.45,1654,1462,1670,0,ON
2026-01-12 21:33:05.332,27.1,14.00,3.122,18312,97.00,50.55,1649,1462,1667,0,ON
2026-01-12 21:33:06.019,27.1,14.00,3.117,18483,96.88,50.67,1669,1475,1687,0,ON
2026-01-12 21:33:06.684,27.0,14.00,3.108,18483,96.79,50.76,1661,1472,1682,0,ON
2026-01-12 21:33:07.370,27.1,14.00,3.102,18562,96.67,50.87,1663,1477,1682,0,ON
2026-01-12 21:33:08.035,27.1,14.00,3.101,18562,96.56,50.99,1643,1452,1660,0,ON
2026-01-12 21:33:08.721,27.0,14.00,3.096,18783,96.46,51.09,1667,1478,1686,0,ON
2026-01-12 21:33:09.392,27.1,14.00,3.107,18783,96.35,51.20,1660,1469,1678,0,ON
2026-01-12 21:33:10.079,27.1,14.00,3.095,18863,96.25,51.30,1664,1477,1684,0,ON
2026-01-12 21:33:10.744,27.0,14.00,3.111,18863,96.14,51.41,1666,1481,1686,0,ON
2026-01-12 21:33:11.432,27.0,14.00,3.112,18975,96.03,51.52,1663,1475,1683,0,ON
2026-01-12 21:33:12.095,27.1,14.00,3.103,18975,95.93,51.62,1655,1465,1672,0,ON
2026-01-12 21:33:12.778,27.0,14.00,3.098,19137,95.81,51.74,1650,1461,1667,0,ON
2026-01-12 21:33:13.445,27.0,14.00,3.103,19137,95.71,51.83,1671,1479,1688,0,ON
2026-01-12 21:33:14.131,27.0,14.00,3.094,19286,95.60,51.95,1650,1464,1668,0,ON
2026-01-12 21:33:14.796,27.0,14.00,3.088,19286,95.49,52.06,1673,1485,1692,0,ON
2026-01-12 21:33:15.484,27.0,14.00,3.089,19434,95.39,52.15,1660,1472,1679,0,ON
2026-01-12 21:33:16.148,27.1,14.00,3.091,19434,95.28,52.27,1663,1476,1681,0,ON
2026-01-12 21:33:16.833,27.0,14.00,3.099,19534,95.18,52.37,1663,1477,1682,0,ON
2026-01-12 21:33:17.502,27.0,14.00,3.098,19534,95.07,52.48,1667,1480,1686,0,ON
2026-01-12 21:33:18.185,27.0,14.00,3.092,19736,94.95,52.59,1667,1485,1687,0,ON
2026-01-12 21:33:18.852,27.0,14.00,3.080,19736,94.85,52.69,1659,1476,1677,0,ON
2026-01-12 21:33:19.541,27.0,14.00,3.098,19855,94.74,52.81,1656,1468,1670,0,ON
2026-01-12 21:33:20.210,27.0,14.00,3.099,19855,94.65,52.90,1665,1477,1683,0,ON
2026-01-12 21:33:20.894,27.1,14.00,3.078,19976,94.53,53.02,1656,1472,1672,0,ON
2026-01-12 21:33:21.562,27.0,14.00,3.084,19976,94.42,53.13,1652,1472,1668,0,ON
2026-01-12 21:33:22.251,27.0,14.00,3.104,20114,94.32,53.23,1673,1490,1691,0,ON
2026-01-12 21:33:22.921,27.0,14.00,3.083,20114,94.21,53.34,1664,1478,1682,0,ON
2026-01-12 21:33:23.606,27.1,14.00,3.088,20218,94.09,53.46,1654,1471,1670,0,ON
2026-01-12 21:33:24.282,27.0,14.00,3.079,20218,93.99,53.56,1672,1493,1693,0,ON
2026-01-12 21:33:24.968,27.0,14.00,3.101,20350,93.88,53.66,1663,1484,1681,0,ON
2026-01-12 21:33:25.638,27.0,14.00,3.088,20350,93.77,53.78,1678,1502,1699,0,ON
2026-01-12 21:33:26.321,27.1,14.00,3.091,20554,93.68,53.87,1662,1488,1681,0,ON
2026-01-12 21:33:26.986,27.0,14.00,3.083,20554,93.56,53.99,1677,1504,1691,0,ON
2026-01-12 21:33:27.676,27.0,14.00,3.085,20643,93.46,54.09,1658,1481,1676,0,ON
2026-01-12 21:33:28.340,27.0,14.00,3.065,20643,93.35,54.19,1672,1490,1689,0,ON
2026-01-12 21:33:29.027,27.0,14.00,3.072,20787,93.25,54.30,1671,1491,1690,0,ON
2026-01-12 21:33:29.692,27.0,14.00,3.080,20787,93.14,54.41,1660,1486,1676,0,ON
2026-01-12 21:33:30.376,27.0,14.00,3.071,20933,93.03,54.52,1666,1491,1682,0,ON
2026-01-12 21:33:31.041,27.0,14.00,3.093,20933,92.93,54.62,1664,1486,1681,0,ON
2026-01-12 21:33:31.730,27.0,14.00,3.076,21024,92.81,54.73,1686,1513,1707,0,ON
2026-01-12 21:33:32.393,27.0,14.00,3.089,21024,92.70,54.85,1671,1497,1690,0,ON
2026-01-12 21:33:33.078,27.1,14.00,3.093,21227,92.60,54.95,1680,1505,1697,0,ON
2026-01-12 21:33:33.750,27.1,14.00,3.064,21227,92.49,55.06,1672,1493,1690,0,ON
2026-01-12 21:33:34.434,27.0,14.00,3.079,21340,92.39,55.15,1685,1508,1703,0,ON
2026-01-12 21:33:35.104,27.0,14.00,3.082,21340,92.28,55.27,1656,1481,1672,0,ON
2026-01-12 21:33:35.793,27.0,14.00,3.082,21490,92.17,55.38,1665,1492,1679,0,ON
2026-01-12 21:33:36.458,27.0,14.00,3.083,21490,92.08,55.47,1672,1505,1691,0,ON
2026-01-12 21:33:37.140,27.0,14.00,3.073,21614,91.95,55.60,1683,1510,1702,0,ON
2026-01-12 21:33:37.803,27.0,14.00,3.092,21614,91.85,55.69,1684,1514,1703,0,ON
2026-01-12 21:33:38.486,27.0,14.00,3.078,21748,91.74,55.81,1673,1508,1694,0,ON
2026-01-12 21:33:39.153,27.0,14.00,3.074,21748,91.63,55.92,1685,1517,1705,0,ON
2026-01-12 21:33:39.837,27.0,14.00,3.078,21872,91.53,56.01,1664,1491,1679,0,ON
2026-01-12 21:33:40.505,26.9,14.00,3.076,21872,91.42,56.13,1697,1530,1720,0,ON
2026-01-12 21:33:41.192,27.0,14.00,3.081,21989,91.32,56.22,1675,1508,1695,0,ON
2026-01-12 21:33:41.858,27.0,14.00,3.073,21989,91.21,56.34,1686,1521,1707,0,ON
2026-01-12 21:33:42.548,27.1,14.00,3.073,22146,91.11,56.44,1681,1518,1701,0,ON
2026-01-12 21:33:43.218,27.0,14.00,3.063,22146,91.00,56.55,1696,1528,1716,0,ON
2026-01-12 21:33:43.909,27.0,14.00,3.076,22244,90.89,56.66,1690,1527,1712,0,ON
2026-01-12 21:33:44.580,27.0,14.00,3.069,22244,90.77,56.78,1683,1519,1702,0,ON
2026-01-12 21:33:45.272,27.0,14.00,3.058,22383,90.68,56.87,1685,1520,1704,0,ON
2026-01-12 21:33:45.937,27.0,14.00,3.073,22383,90.57,56.98,1674,1509,1690,0,ON
2026-01-12 21:33:46.627,27.0,14.00,3.071,22543,90.46,57.09,1678,1515,1697,0,ON
2026-01-12 21:33:47.292,27.0,14.00,3.058,22543,90.35,57.20,1684,1527,1705,0,ON
2026-01-12 21:33:47.975,27.0,14.00,3.060,22624,90.24,57.31,1684,1523,1703,0,ON
2026-01-12 21:33:48.648,27.0,14.00,3.072,22624,90.14,57.41,1678,1517,1697,0,ON
2026-01-12 21:33:49.332,27.0,14.00,3.069,22766,90.03,57.52,1696,1537,1717,0,ON
2026-01-12 21:33:49.996,27.0,14.00,3.070,22766,89.93,57.62,1685,1527,1706,0,ON
2026-01-12 21:33:50.679,27.0,14.00,3.061,22868,89.81,57.73,1704,1550,1728,0,ON
2026-01-12 21:33:51.343,27.0,14.00,3.066,22868,89.70,57.84,1688,1533,1712,0,ON
2026-01-12 21:33:52.027,27.0,14.00,3.059,23054,89.61,57.94,1698,1542,1719,0,ON
2026-01-12 21:33:52.697,27.0,14.00,3.068,23054,89.49,58.05,1688,1532,1710,0,ON
2026-01-12 21:33:53.384,26.9,14.00,3.067,23200,89.39,58.16,1695,1537,1715,0,ON
2026-01-12 21:33:54.054,26.9,14.00,3.065,23200,89.28,58.27,1692,1539,1714,0,ON
2026-01-12 21:33:54.740,27.0,14.00,3.081,23262,89.17,58.38,1693,1536,1715,0,ON
2026-01-12 21:33:55.405,27.0,14.00,3.066,23262,89.07,58.48,1693,1542,1715,0,ON
2026-01-12 21:33:56.089,27.0,14.00,3.060,23389,88.96,58.59,1689,1540,1712,0,ON
2026-01-12 21:33:56.760,26.9,14.00,3.065,23389,88.86,58.69,1700,1545,1721,0,ON
2026-01-12 21:33:57.449,27.0,14.00,3.063,23537,88.75,58.80,1694,1539,1717,0,ON
2026-01-12 21:33:58.125,27.0,14.00,3.057,23537,88.63,58.91,1701,1552,1724,0,ON
2026-01-12 21:33:58.813,26.9,14.00,3.064,23687,88.54,59.01,1687,1540,1708,0,ON
2026-01-12 21:33:59.478,26.9,14.00,3.054,23687,88.43,59.12,1693,1543,1713,0,ON
2026-01-12 21:34:00.168,27.0,14.00,3.054,23773,88.31,59.24,1690,1539,1708,0,ON
2026-01-12 21:34:00.836,27.0,14.00,3.061,23773,88.22,59.33,1700,1551,1722,0,ON
2026-01-12 21:34:01.525,26.9,14.00,3.061,23903,88.10,59.45,1699,1554,1717,0,ON
2026-01-12 21:34:02.200,26.9,14.00,3.072,23903,87.98,59.57,1693,1549,1712,0,ON
2026-01-12 21:34:02.888,27.0,14.00,3.060,24012,87.89,59.66,1697,1551,1718,0,ON
2026-01-12 21:34:03.560,26.9,14.00,3.065,24012,87.77,59.78,1705,1563,1728,0,ON
2026-01-12 21:34:04.252,26.9,14.00,3.070,24122,87.68,59.87,1694,1554,1716,0,ON
2026-01-12 21:34:04.916,26.9,14.00,3.062,24122,87.56,59.99,1691,1549,1712,0,ON
2026-01-12 21:34:05.604,26.9,14.00,3.057,24276,87.46,60.09,1693,1549,1713,0,ON
2026-01-12 21:34:06.273,26.9,14.00,3.058,24276,87.35,60.20,1693,1552,1715,0,ON
2026-01-12 21:34:06.960,26.9,14.00,3.065,24411,87.24,60.31,1709,1566,1732,0,ON
2026-01-12 21:34:07.624,26.9,14.00,3.058,24411,87.12,60.43,1703,1564,1729,0,ON
2026-01-12 21:34:08.311,26.9,14.00,3.054,24522,87.03,60.52,1708,1572,1731,0,ON
2026-01-12 21:34:08.978,26.9,14.00,3.063,24522,86.91,60.64,1684,1544,1703,0,ON
2026-01-12 21:34:09.667,27.0,14.00,3.060,24636,86.82,60.73,1712,1573,1734,0,ON
2026-01-12 21:34:10.336,27.0,14.00,3.045,24636,86.70,60.84,1692,1556,1716,0,ON
2026-01-12 21:34:11.021,26.9,14.00,3.050,24704,86.58,60.96,1697,1560,1717,0,ON
2026-01-12 21:34:11.691,26.9,14.00,3.056,24704,86.49,61.06,1692,1557,1712,0,ON
2026-01-12 21:34:12.375,26.9,14.00,3.064,24864,86.37,61.17,1716,1584,1741,0,ON
2026-01-12 21:34:13.037,26.9,14.00,3.058,24864,86.26,61.29,1698,1563,1718,0,ON
2026-01-12 21:34:13.720,26.9,14.00,3.052,25025,86.16,61.39,1692,1558,1713,0,ON
2026-01-12 21:34:14.386,26.9,14.00,3.067,25025,86.06,61.49,1705,1574,1727,0,ON
2026-01-12 21:34:15.072,26.9,14.00,3.047,25141,85.95,61.60,1694,1562,1714,0,ON
2026-01-12 21:34:15.735,26.9,14.00,3.065,25141,85.85,61.70,1713,1582,1737,0,ON
2026-01-12 21:34:16.421,26.9,14.00,3.058,25306,85.74,61.81,1696,1567,1719,0,ON
2026-01-12 21:34:17.085,26.9,14.00,3.060,25306,85.63,61.92,1711,1582,1734,0,ON
2026-01-12 21:34:17.768,26.9,14.00,3.049,25376,85.51,62.04,1714,1590,1739,0,ON
2026-01-12 21:34:18.435,26.9,14.00,3.076,25376,85.42,62.13,1710,1586,1734,0,ON
2026-01-12 21:34:19.120,26.9,14.00,3.062,25495,85.29,62.25,1704,1576,1725,0,ON
2026-01-12 21:34:19.784,26.9,14.00,3.054,25495,85.20,62.35,1710,1585,1733,0,ON
2026-01-12 21:34:20.468,26.9,14.00,3.059,25638,85.09,62.46,1712,1587,1734,0,ON
2026-01-12 21:34:21.131,26.9,14.00,3.053,25638,84.98,62.56,1710,1586,1734,0,ON
2026-01-12 21:34:21.815,26.9,14.00,3.060,25757,84.87,62.67,1713,1587,1734,0,ON
2026-01-12 21:34:22.481,26.9,14.00,3.051,25757,84.77,62.78,1705,1583,1729,0,ON
2026-01-12 21:34:23.169,26.9,14.00,3.066,25830,84.67,62.88,1722,1603,1747,0,ON
2026-01-12 21:34:23.836,26.9,14.00,3.061,25830,84.55,62.99,1708,1588,1732,0,ON
2026-01-12 21:34:24.521,26.9,14.00,3.064,25927,84.46,63.09,1706,1581,1735,0,ON
2026-01-12 21:34:25.186,26.9,14.00,3.055,25927,84.35,63.20,1715,1596,1738,0,ON
2026-01-12 21:34:25.869,26.9,14.00,3.065,26098,84.23,63.32,1726,1609,1754,0,ON
2026-01-12 21:34:26.540,26.9,14.00,3.061,26098,84.13,63.42,1724,1610,1750,0,ON
2026-01-12 21:34:27.223,26.9,14.00,3.061,26196,84.02,63.53,1711,1590,1733,0,ON
2026-01-12 21:34:27.888,26.9,14.00,3.052,26196,83.91,63.64,1710,1591,1730,0,ON
2026-01-12 21:34:28.573,26.9,14.00,3.051,26271,83.81,63.74,1696,1581,1718,0,ON
2026-01-12 21:34:29.237,26.9,14.00,3.053,26271,83.70,63.85,1731,1618,1757,0,ON
2026-01-12 21:34:29.925,26.9,14.00,3.046,26420,83.60,63.95,1709,1595,1732,0,ON
2026-01-12 21:34:30.592,26.9,14.00,3.048,26420,83.49,64.06,1736,1625,1762,0,ON
2026-01-12 21:34:31.274,26.9,14.00,3.057,26620,83.38,64.17,1719,1610,1745,0,ON
2026-01-12 21:34:31.943,27.0,14.00,3.046,26620,83.27,64.28,1716,1607,1742,0,ON
2026-01-12 21:34:32.633,26.9,14.00,3.055,26670,83.17,64.38,1712,1600,1735,0,ON
2026-01-12 21:34:33.297,26.9,14.00,3.052,26670,83.06,64.49,1726,1621,1754,0,ON
2026-01-12 21:34:33.992,26.9,14.00,3.038,26772,82.95,64.60,1721,1614,1745,0,ON
2026-01-12 21:34:34.655,26.9,14.00,3.048,26772,82.84,64.71,1711,1601,1732,0,ON
2026-01-12 21:34:35.339,26.9,14.00,3.042,26899,82.74,64.81,1725,1622,1751,0,ON
2026-01-12 21:34:36.018,26.9,14.00,3.059,26899,82.62,64.93,1704,1597,1727,0,ON
2026-01-12 21:34:36.705,26.9,14.00,3.039,27028,82.52,65.03,1725,1620,1749,0,ON
2026-01-12 21:34:37.370,26.9,14.00,3.045,27028,82.41,65.14,1719,1616,1745,0,ON
2026-01-12 21:34:38.056,26.9,14.00,3.050,27080,82.30,65.25,1730,1629,1757,0,ON
2026-01-12 21:34:38.719,26.9,14.00,3.054,27080,82.20,65.35,1722,1620,1748,0,ON
2026-01-12 21:34:39.405,26.9,14.00,3.061,27261,82.08,65.47,1726,1625,1753,0,ON
2026-01-12 21:34:40.074,26.9,14.00,3.039,27261,81.97,65.58,1722,1626,1749,0,ON
2026-01-12 21:34:40.759,26.9,14.00,3.038,27392,81.87,65.68,1722,1621,1747,0,ON
2026-01-12 21:34:41.424,27.0,14.00,3.052,27392,81.76,65.79,1728,1631,1754,0,ON
2026-01-12 21:34:42.115,26.9,14.00,3.057,27498,81.66,65.89,1721,1625,1749,0,ON
2026-01-12 21:34:42.785,26.9,14.00,3.058,27498,81.55,66.00,1730,1636,1755,0,ON
2026-01-12 21:34:43.469,26.9,14.00,3.047,27630,81.44,66.11,1715,1620,1741,0,ON
2026-01-12 21:34:44.138,26.9,14.00,3.050,27630,81.34,66.21,1728,1632,1752,0,ON
2026-01-12 21:34:44.821,26.9,14.00,3.039,27763,81.22,66.33,1721,1628,1748,0,ON
2026-01-12 21:34:45.488,26.9,14.00,3.047,27763,81.12,66.43,1729,1637,1754,0,ON
2026-01-12 21:34:46.177,26.9,14.00,3.046,27817,81.01,66.54,1734,1646,1764,0,ON
2026-01-12 21:34:46.841,26.9,14.00,3.049,27817,80.90,66.64,1733,1644,1760,0,ON
2026-01-12 21:34:47.527,26.9,14.00,3.038,27978,80.80,66.75,1722,1630,1745,0,ON
2026-01-12 21:34:48.191,26.9,14.00,3.043,27978,80.68,66.87,1738,1651,1766,0,ON
2026-01-12 21:34:48.872,26.9,14.00,3.043,28033,80.59,66.96,1740,1654,1762,0,ON
2026-01-12 21:34:49.537,26.9,14.00,3.040,28033,80.47,67.07,1714,1629,1739,0,ON
2026-01-12 21:34:50.220,26.9,14.00,3.039,28141,80.37,67.18,1737,1652,1764,0,ON
2026-01-12 21:34:50.885,26.9,14.00,3.044,28141,80.25,67.29,1716,1630,1740,0,ON
2026-01-12 21:34:51.568,26.9,14.00,3.029,28278,80.15,67.40,1728,1644,1753,0,ON
2026-01-12 21:34:52.234,26.9,14.00,3.043,28278,80.05,67.50,1727,1644,1753,0,ON
2026-01-12 21:34:52.921,26.9,14.00,3.036,28344,79.93,67.62,1731,1650,1757,0,ON
2026-01-12 21:34:53.585,26.9,14.00,3.038,28344,79.82,67.73,1736,1655,1762,0,ON
2026-01-12 21:34:54.275,26.9,14.00,3.044,28499,79.72,67.83,1715,1635,1740,0,ON
2026-01-12 21:34:54.948,26.9,14.00,3.045,28499,79.60,67.94,1739,1662,1767,0,ON
2026-01-12 21:34:55.630,26.9,14.00,3.036,28610,79.50,68.04,1717,1638,1741,0,ON
2026-01-12 21:34:56.296,26.9,14.00,3.032,28610,79.39,68.16,1735,1658,1761,0,ON
2026-01-12 21:34:56.977,26.9,14.00,3.052,28722,79.29,68.26,1728,1652,1752,0,ON
2026-01-12 21:34:57.643,26.9,14.00,3.042,28722,79.17,68.38,1717,1640,1740,0,ON
2026-01-12 21:34:58.328,26.9,14.00,3.047,28806,79.06,68.48,1738,1663,1765,0,ON
2026-01-12 21:34:58.994,26.9,14.00,3.039,28806,78.97,68.58,1730,1657,1758,0,ON
2026-01-12 21:34:59.678,26.9,14.00,3.033,28948,78.85,68.70,1740,1669,1768,0,ON
2026-01-12 21:35:00.345,26.9,14.00,3.033,28948,78.75,68.80,1741,1672,1770,0,ON
2026-01-12 21:35:01.032,26.9,14.00,3.042,29119,78.63,68.91,1721,1651,1747,0,ON
2026-01-12 21:35:01.698,26.9,14.00,3.039,29119,78.52,69.03,1743,1676,1772,0,ON
2026-01-12 21:35:02.389,26.9,14.00,3.041,29148,78.42,69.13,1734,1664,1759,0,ON
2026-01-12 21:35:03.060,26.9,14.00,3.043,29148,78.30,69.25,1751,1688,1781,0,ON
2026-01-12 21:35:03.744,26.9,14.00,3.041,29320,78.20,69.35,1740,1675,1767,0,ON
2026-01-12 21:35:04.407,26.9,14.00,3.050,29320,78.09,69.45,1735,1669,1760,0,ON
2026-01-12 21:35:05.100,26.9,14.00,3.043,29407,77.98,69.57,1739,1677,1769,0,ON
2026-01-12 21:35:05.765,26.9,14.00,3.052,29407,77.88,69.67,1732,1668,1758,0,ON
2026-01-12 21:35:06.449,26.9,14.00,3.049,29494,77.76,69.78,1747,1687,1776,0,ON
2026-01-12 21:35:07.120,26.9,14.00,3.044,29494,77.64,69.90,1734,1675,1763,0,ON
2026-01-12 21:35:07.803,26.9,14.00,3.030,29582,77.55,70.00,1743,1683,1770,0,ON
2026-01-12 21:35:08.468,26.9,14.00,3.060,29582,77.43,70.12,1725,1665,1751,0,ON
2026-01-12 21:35:09.153,26.9,14.00,3.038,29729,77.33,70.22,1744,1685,1771,0,ON
2026-01-12 21:35:09.816,26.9,14.00,3.046,29729,77.22,70.33,1745,1694,1778,0,ON
2026-01-12 21:35:10.499,26.9,14.00,3.049,29817,77.12,70.42,1725,1666,1748,0,ON
2026-01-12 21:35:11.171,26.9,14.00,3.042,29817,77.01,70.54,1754,1704,1787,0,ON
2026-01-12 21:35:11.856,26.9,14.00,3.054,29937,76.89,70.66,1740,1687,1768,0,ON
2026-01-12 21:35:12.518,26.9,14.00,3.052,29937,76.79,70.76,1746,1694,1774,0,ON
2026-01-12 21:35:13.207,26.9,14.00,3.057,30056,76.68,70.87,1733,1681,1760,0,ON
2026-01-12 21:35:13.872,26.9,14.00,3.039,30056,76.56,70.98,1746,1697,1774,0,ON
2026-01-12 21:35:14.555,26.9,14.00,3.044,30206,76.46,71.08,1736,1690,1768,0,ON
2026-01-12 21:35:15.220,26.9,14.00,3.052,30206,76.35,71.20,1755,1710,1785,0,ON
2026-01-12 21:35:15.905,26.9,14.00,3.028,30236,76.24,71.30,1739,1692,1766,0,ON
2026-01-12 21:35:16.570,26.9,14.00,3.040,30236,76.13,71.42,1748,1702,1777,0,ON
2026-01-12 21:35:17.257,26.9,14.00,3.040,30328,76.03,71.52,1737,1691,1762,0,ON
2026-01-12 21:35:17.920,26.9,14.00,3.033,30328,75.92,71.63,1745,1704,1775,0,ON
2026-01-12 21:35:18.604,26.9,14.00,3.047,30449,75.80,71.75,1755,1715,1786,0,ON
2026-01-12 21:35:19.271,26.9,14.00,3.038,30449,75.70,71.85,1744,1705,1774,0,ON
2026-01-12 21:35:19.954,26.9,14.00,3.045,30572,75.59,71.96,1748,1709,1776,0,ON
2026-01-12 21:35:20.618,26.9,14.00,3.032,30572,75.49,72.06,1739,1700,1768,0,ON
2026-01-12 21:35:21.303,26.9,14.00,3.042,30664,75.37,72.18,1757,1722,1788,0,ON
2026-01-12 21:35:21.971,26.9,14.00,3.033,30664,75.26,72.29,1742,1709,1773,0,ON
2026-01-12 21:35:22.656,26.9,14.00,3.045,30695,75.16,72.39,1752,1717,1782,0,ON
2026-01-12 21:35:23.321,26.9,14.00,3.036,30695,75.05,72.50,1746,1712,1775,0,ON
2026-01-12 21:35:24.007,26.9,14.00,3.042,30912,74.94,72.60,1749,1719,1782,0,ON
2026-01-12 21:35:24.672,26.9,14.00,3.030,30912,74.83,72.72,1748,1717,1777,0,ON
2026-01-12 21:35:25.359,26.9,14.00,3.037,31037,74.73,72.82,1742,1711,1773,0,ON
2026-01-12 21:35:26.024,26.9,14.00,3.028,31037,74.62,72.93,1758,1730,1789,0,ON
2026-01-12 21:35:26.706,26.9,14.00,3.049,31100,74.50,73.04,1738,1711,1768,0,ON
2026-01-12 21:35:27.374,26.9,14.00,3.037,31100,74.41,73.14,1758,1733,1788,0,ON
2026-01-12 21:35:28.057,26.9,14.00,3.048,31195,74.29,73.26,1737,1709,1763,0,ON
2026-01-12 21:35:28.722,26.9,14.00,3.034,31195,74.17,73.38,1758,1735,1790,0,ON
2026-01-12 21:35:29.410,26.9,14.00,3.030,31289,74.07,73.48,1752,1730,1784,0,ON
2026-01-12 21:35:30.075,26.9,14.00,3.051,31289,73.96,73.59,1761,1741,1792,0,ON
2026-01-12 21:35:30.758,26.9,14.00,3.030,31417,73.86,73.69,1754,1733,1784,0,ON
2026-01-12 21:35:31.424,26.9,14.00,3.039,31417,73.74,73.80,1742,1719,1770,0,ON
2026-01-12 21:35:32.106,26.9,14.00,3.037,31449,73.64,73.90,1757,1737,1785,0,ON
2026-01-12 21:35:32.772,26.9,14.00,3.050,31449,73.54,74.01,1740,1721,1768,0,ON
2026-01-12 21:35:33.456,26.9,14.00,3.031,31577,73.42,74.13,1760,1746,1792,0,ON
2026-01-12 21:35:34.121,26.9,14.00,3.042,31577,73.31,74.24,1745,1728,1775,0,ON
2026-01-12 21:35:34.804,26.9,14.00,3.023,31739,73.20,74.35,1761,1748,1792,0,ON
2026-01-12 21:35:35.473,26.9,14.00,3.033,31739,73.10,74.45,1753,1741,1783,0,ON
2026-01-12 21:35:36.158,26.9,14.00,3.046,31804,72.99,74.56,1760,1749,1791,0,ON
2026-01-12 21:35:36.827,26.9,14.00,3.033,31804,72.87,74.68,1754,1746,1785,0,ON
2026-01-12 21:35:37.517,26.9,14.00,3.030,31869,72.77,74.77,1741,1728,1766,0,ON
2026-01-12 21:35:38.182,26.9,14.00,3.045,31869,72.66,74.89,1744,1732,1771,0,ON
2026-01-12 21:35:38.865,26.9,14.00,3.054,31999,72.56,74.99,1757,1750,1786,0,ON
2026-01-12 21:35:39.531,26.9,14.00,3.023,31999,72.44,75.11,1763,1761,1797,0,ON
2026-01-12 21:35:40.213,26.9,14.00,3.041,32132,72.33,75.22,1741,1735,1770,0,ON
2026-01-12 21:35:40.877,26.8,14.00,3.045,32132,72.24,75.31,1773,1771,1800,0,ON
2026-01-12 21:35:41.574,26.9,14.00,3.029,32165,72.11,75.44,1749,1745,1776,0,ON
2026-01-12 21:35:42.236,26.9,14.00,3.037,32165,72.00,75.55,1763,1761,1788,0,ON
2026-01-12 21:35:42.923,26.9,14.00,3.028,32330,71.90,75.65,1754,1754,1785,0,ON
2026-01-12 21:35:43.592,26.9,14.00,3.029,32330,71.78,75.77,1753,1753,1782,0,ON
2026-01-12 21:35:44.275,26.9,14.00,3.028,32397,71.68,75.87,1763,1765,1786,0,ON
2026-01-12 21:35:44.949,26.9,14.00,3.035,32397,71.57,75.98,1749,1752,1774,0,ON
2026-01-12 21:35:45.639,26.8,14.00,3.032,32465,71.46,76.09,1765,1772,1796,0,ON
2026-01-12 21:35:46.304,26.9,14.00,3.032,32465,71.36,76.19,1744,1748,1774,0,ON
2026-01-12 21:35:46.998,26.8,14.00,3.036,32531,71.24,76.31,1757,1761,1786,0,ON
2026-01-12 21:35:47.662,26.9,14.00,3.026,32531,71.13,76.42,1742,1747,1770,0,ON
2026-01-12 21:35:48.344,26.8,14.00,3.038,32700,71.03,76.52,1765,1774,1795,0,ON
2026-01-12 21:35:49.022,26.9,14.00,3.033,32700,70.91,76.64,1749,1757,1778,0,ON
2026-01-12 21:35:49.705,26.9,14.00,3.026,32836,70.81,76.73,1764,1779,1797,0,ON
2026-01-12 21:35:50.370,26.9,14.00,3.033,32836,70.70,76.85,1754,1766,1783,0,ON
2026-01-12 21:35:51.056,26.9,14.00,3.021,32904,70.59,76.95,1754,1766,1783,0,ON
2026-01-12 21:35:51.720,26.9,14.00,3.035,32904,70.48,77.07,1762,1775,1791,0,ON
2026-01-12 21:35:52.405,26.9,14.00,3.039,32973,70.37,77.17,1752,1768,1782,0,ON
2026-01-12 21:35:53.076,26.9,14.00,3.018,32973,70.27,77.28,1763,1781,1794,0,ON
2026-01-12 21:35:53.759,26.9,14.00,3.023,33076,70.15,77.39,1756,1774,1786,0,ON
2026-01-12 21:35:54.424,26.8,14.00,3.032,33076,70.04,77.50,1772,1795,1805,0,ON
2026-01-12 21:35:55.117,26.9,14.00,3.025,33159,69.94,77.61,1752,1773,1785,0,ON
2026-01-12 21:35:55.780,26.9,14.00,3.040,33159,69.83,77.72,1764,1786,1794,0,ON
2026-01-12 21:35:56.463,26.9,14.00,3.026,33249,69.73,77.82,1748,1772,1780,0,ON
2026-01-12 21:35:57.132,26.8,14.00,3.033,33249,69.61,77.94,1764,1788,1795,0,ON
2026-01-12 21:35:57.822,26.9,14.00,3.030,33353,69.51,78.04,1751,1776,1781,0,ON
2026-01-12 21:35:58.485,26.9,14.00,3.030,33353,69.39,78.15,1770,1800,1803,0,ON
2026-01-12 21:35:59.174,26.8,14.00,3.035,33423,69.28,78.26,1758,1785,1788,0,ON
2026-01-12 21:35:59.842,26.8,14.00,3.022,33423,69.18,78.36,1763,1798,1798,0,ON
2026-01-12 21:36:00.529,26.8,14.00,3.015,33471,69.07,78.48,1768,1803,1803,0,ON
2026-01-12 21:36:01.201,26.8,14.00,3.030,33471,68.96,78.59,1766,1797,1796,0,ON
2026-01-12 21:36:01.885,26.8,14.00,3.028,33612,68.85,78.69,1768,1808,1806,0,ON
2026-01-12 21:36:02.555,26.8,14.00,3.039,33612,68.74,78.81,1765,1804,1802,0,ON
2026-01-12 21:36:03.244,26.8,14.00,3.031,33812,68.65,78.90,1767,1803,1799,0,ON
2026-01-12 21:36:03.912,26.9,14.00,3.047,33812,68.53,79.02,1754,1788,1781,0,ON
2026-01-12 21:36:04.600,26.8,14.00,3.028,33847,68.42,79.13,1768,1805,1798,0,ON
2026-01-12 21:36:05.266,26.8,14.00,3.042,33847,68.32,79.23,1752,1787,1781,0,ON
2026-01-12 21:36:05.948,26.8,14.00,3.021,33918,68.20,79.35,1766,1805,1795,0,ON
2026-01-12 21:36:06.615,26.8,14.00,3.050,33918,68.08,79.47,1749,1787,1776,0,ON
2026-01-12 21:36:07.310,26.9,14.00,3.035,34027,67.99,79.56,1772,1818,1804,0,ON
2026-01-12 21:36:07.976,26.8,14.00,3.027,34027,67.87,79.67,1747,1790,1777,0,ON
2026-01-12 21:36:08.664,26.9,14.00,3.028,34099,67.77,79.78,1774,1820,1805,0,ON
2026-01-12 21:36:09.336,26.8,14.00,3.048,34099,67.66,79.88,1758,1804,1790,0,ON
2026-01-12 21:36:10.019,26.8,14.00,3.040,34185,67.55,80.00,1764,1809,1792,0,ON
2026-01-12 21:36:10.685,26.8,14.00,3.023,34185,67.45,80.10,1758,1807,1790,0,ON
2026-01-12 21:36:11.378,26.8,14.00,3.039,34279,67.33,80.22,1762,1811,1790,0,ON
2026-01-12 21:36:12.044,26.8,14.00,3.016,34279,67.21,80.34,1759,1808,1790,0,ON
2026-01-12 21:36:12.733,26.8,14.00,3.029,34389,67.11,80.44,1765,1816,1793,0,ON
2026-01-12 21:36:13.410,26.8,14.00,3.044,34389,67.00,80.55,1756,1807,1784,0,ON
2026-01-12 21:36:14.092,26.8,14.00,3.032,34462,66.89,80.66,1758,1821,1797,0,ON
2026-01-12 21:36:14.760,26.8,14.00,3.044,34462,66.78,80.77,1760,1814,1788,0,ON
2026-01-12 21:36:15.447,26.8,14.00,3.024,34572,66.67,80.87,1750,1806,1780,0,ON
2026-01-12 21:36:16.115,26.9,14.00,3.033,34572,66.57,80.98,1771,1831,1803,0,ON
2026-01-12 21:36:16.803,26.8,14.00,3.037,34609,66.45,81.09,1762,1820,1793,0,ON
2026-01-12 21:36:17.465,26.8,14.00,3.014,34609,66.34,81.21,1769,1830,1800,0,ON
2026-01-12 21:36:18.150,26.8,14.00,3.033,34720,66.25,81.29,1756,1818,1788,0,ON
2026-01-12 21:36:18.817,26.8,14.00,3.031,34720,66.13,81.42,1772,1836,1803,0,ON
2026-01-12 21:36:19.502,26.8,14.00,3.014,34794,66.03,81.52,1750,1810,1778,0,ON
2026-01-12 21:36:20.167,26.8,14.00,3.035,34794,65.91,81.63,1770,1835,1797,0,ON
2026-01-12 21:36:20.865,26.8,14.00,3.041,34906,65.80,81.74,1769,1826,1791,0,ON
2026-01-12 21:36:21.528,26.8,14.00,3.039,34906,65.70,81.84,1771,1839,1800,0,ON
2026-01-12 21:36:22.211,26.8,14.00,3.028,35019,65.59,81.96,1770,1840,1799,0,ON
2026-01-12 21:36:22.882,26.8,14.00,3.030,35019,65.49,82.06,1770,1842,1801,0,ON
2026-01-12 21:36:23.566,26.8,14.00,3.031,35131,65.37,82.17,1774,1847,1807,0,ON
2026-01-12 21:36:24.233,26.8,14.00,3.020,35131,65.26,82.29,1766,1839,1797,0,ON
2026-01-12 21:36:24.928,26.8,14.00,3.016,35131,65.16,82.39,1777,1853,1809,0,ON
2026-01-12 21:36:25.592,26.8,14.00,3.041,35131,65.04,82.50,1763,1837,1793,0,ON
2026-01-12 21:36:26.278,26.8,14.00,3.026,35282,64.93,82.62,1788,1871,1823,0,ON
2026-01-12 21:36:26.958,26.8,14.00,3.036,35282,64.83,82.72,1767,1846,1799,0,ON
2026-01-12 21:36:27.641,26.8,14.00,3.020,35397,64.72,82.83,1779,1861,1811,0,ON
2026-01-12 21:36:28.306,26.8,14.00,3.037,35397,64.61,82.94,1758,1838,1799,0,ON
2026-01-12 21:36:29.000,26.8,14.00,3.035,35473,64.50,83.05,1780,1865,1810,0,ON
2026-01-12 21:36:29.666,26.8,14.00,3.033,35473,64.39,83.16,1762,1845,1793,0,ON
2026-01-12 21:36:30.357,26.8,14.00,3.029,35549,64.29,83.25,1786,1874,1819,0,ON
2026-01-12 21:36:31.024,26.8,14.00,3.013,35549,64.18,83.37,1771,1859,1805,0,ON
2026-01-12 21:36:31.710,26.8,14.00,3.023,35665,64.06,83.49,1784,1874,1816,0,ON
2026-01-12 21:36:32.378,26.8,14.00,3.028,35665,63.97,83.58,1765,1854,1798,0,ON
2026-01-12 21:36:33.062,26.8,14.00,3.033,35780,63.84,83.70,1786,1879,1820,0,ON
2026-01-12 21:36:33.730,26.8,14.00,3.033,35780,63.73,83.82,1767,1859,1800,0,ON
2026-01-12 21:36:34.418,26.8,14.00,3.034,35859,63.63,83.92,1786,1883,1820,0,ON
2026-01-12 21:36:35.082,26.8,14.00,3.034,35859,63.52,84.03,1773,1867,1806,0,ON
2026-01-12 21:36:35.769,26.8,14.00,3.036,35936,63.42,84.13,1782,1879,1814,0,ON
2026-01-12 21:36:36.433,26.8,14.00,3.030,35936,63.31,84.24,1783,1883,1818,0,ON
2026-01-12 21:36:37.124,26.8,14.00,3.025,36079,63.20,84.34,1791,1895,1829,0,ON
2026-01-12 21:36:37.793,26.8,14.00,3.042,36079,63.10,84.45,1788,1890,1823,0,ON
2026-01-12 21:36:38.476,26.9,14.00,3.023,36093,62.98,84.57,1782,1886,1818,0,ON
2026-01-12 21:36:39.142,26.8,14.00,3.029,36093,62.88,84.67,1786,1890,1819,0,ON
2026-01-12 21:36:39.831,26.8,14.00,3.012,36171,62.76,84.78,1767,1869,1800,0,ON
2026-01-12 21:36:40.501,26.8,14.00,3.033,36171,62.65,84.90,1782,1888,1814,0,ON
