SampleIndex,Timestamp,Temp,pH,Volt,EC,Weight,Weightloss,R,G,B,C,RelayStatus
0,2026-05-21 13:24:13.185,29.6,1.62,4.631,1365,205.04,0.13,1508,2430,1800,6277,ON
1,2026-05-21 13:24:13.685,29.6,1.63,4.624,1365,204.96,0.21,1517,2441,1805,6340,ON
2,2026-05-21 13:24:14.185,29.6,1.65,4.606,1365,204.88,0.29,1526,2451,1812,6404,ON
3,2026-05-21 13:24:14.685,29.6,1.66,4.609,1362,204.79,0.38,1516,2445,1815,6285,ON
4,2026-05-21 13:24:15.185,29.6,1.67,4.595,1349,204.71,0.46,1513,2441,1815,6364,ON
5,2026-05-21 13:24:15.685,29.6,1.65,4.618,1325,204.62,0.56,1511,2437,1809,6293,ON
6,2026-05-21 13:24:16.185,29.6,1.66,4.610,1298,204.53,0.64,1512,2436,1808,6268,ON
7,2026-05-21 13:24:16.685,29.6,1.72,4.591,1269,204.45,0.73,1516,2445,1813,6392,ON
8,2026-05-21 13:24:17.185,29.6,1.76,4.571,1242,204.36,0.81,1518,2446,1813,6230,ON
9,2026-05-21 13:24:17.685,29.6,1.82,4.579,1217,204.28,0.90,1517,2444,1812,6175,ON
10,2026-05-21 13:24:18.185,29.6,1.86,4.575,1200,204.19,0.99,1519,2445,1812,6265,ON
11,2026-05-21 13:24:18.685,29.6,1.92,4.564,1189,204.10,1.08,1514,2439,1808,6436,ON
12,2026-05-21 13:24:19.185,29.6,1.97,4.564,1184,204.02,1.16,1517,2441,1809,6308,ON
13,2026-05-21 13:24:19.685,29.6,2.01,4.553,1183,203.93,1.24,1521,2445,1812,6211,ON
14,2026-05-21 13:24:20.185,29.6,2.04,4.538,1189,203.84,1.34,1520,2444,1812,6379,ON
15,2026-05-21 13:24:20.685,29.6,2.10,4.538,1200,203.76,1.42,1521,2444,1812,6297,ON
16,2026-05-21 13:24:21.185,29.6,2.15,4.536,1221,203.67,1.50,1521,2443,1812,6262,ON
17,2026-05-21 13:24:21.685,29.6,2.17,4.542,1247,203.59,1.58,1520,2443,1812,6259,ON
18,2026-05-21 13:24:22.185,29.6,2.21,4.524,1274,203.50,1.67,1521,2446,1813,6295,ON
19,2026-05-21 13:24:22.685,29.7,2.26,4.535,1299,203.41,1.76,1525,2450,1817,6353,ON
20,2026-05-21 13:24:23.185,29.7,2.26,4.534,1330,203.33,1.84,1523,2449,1817,6285,ON
21,2026-05-21 13:24:23.685,29.6,2.27,4.531,1361,203.25,1.93,1523,2447,1815,6308,ON
22,2026-05-21 13:24:24.185,29.7,2.28,4.518,1393,203.16,2.01,1525,2448,1817,6422,ON
23,2026-05-21 13:24:24.685,29.7,2.31,4.501,1429,203.08,2.10,1527,2454,1821,6357,ON
24,2026-05-21 13:24:25.185,29.7,2.38,4.498,1469,202.99,2.18,1531,2460,1825,6185,ON
25,2026-05-21 13:24:25.685,29.7,2.41,4.518,1513,202.90,2.27,1530,2458,1824,6301,ON
26,2026-05-21 13:24:26.185,29.7,2.42,4.510,1558,202.82,2.36,1527,2453,1820,6367,ON
27,2026-05-21 13:24:26.685,29.7,2.44,4.520,1558,202.73,2.44,1526,2453,1821,6270,ON
28,2026-05-21 13:24:27.185,29.7,2.46,4.502,1558,202.65,2.53,1522,2447,1816,6250,ON
29,2026-05-21 13:24:27.685,29.7,2.46,4.513,1558,202.56,2.62,1527,2452,1819,6346,ON
30,2026-05-21 13:24:28.185,29.7,2.48,4.492,1558,202.48,2.70,1531,2456,1821,6434,ON
31,2026-05-21 13:24:28.685,29.7,2.52,4.494,1558,202.39,2.78,1530,2457,1823,6375,ON
32,2026-05-21 13:24:29.185,29.8,2.52,4.503,1952,202.31,2.87,1525,2452,1820,6262,ON
33,2026-05-21 13:24:29.685,29.8,2.55,4.480,1952,202.21,2.96,1526,2453,1821,6341,ON
34,2026-05-21 13:24:30.185,29.8,2.59,4.487,1962,202.13,3.04,1529,2457,1823,6405,ON
35,2026-05-21 13:24:30.685,29.8,2.60,4.481,1987,202.03,3.14,1527,2452,1820,6284,ON
36,2026-05-21 13:24:31.185,29.8,2.61,4.487,2026,201.95,3.23,1525,2451,1819,6321,ON
37,2026-05-21 13:24:31.685,29.8,2.63,4.476,2069,201.86,3.32,1523,2451,1820,6401,ON
38,2026-05-21 13:24:32.185,29.8,2.67,4.497,2112,201.77,3.40,1530,2458,1826,6396,ON
39,2026-05-21 13:24:32.685,29.8,2.66,4.487,2155,201.69,3.48,1526,2451,1821,6273,ON
40,2026-05-21 13:24:33.185,29.9,2.66,4.465,2201,201.60,3.58,1524,2449,1819,6311,ON
41,2026-05-21 13:24:33.685,29.9,2.71,4.480,2248,201.52,3.66,1522,2444,1816,6257,ON
42,2026-05-21 13:24:34.185,29.9,2.72,4.469,2294,201.43,3.75,1518,2435,1810,6310,ON
43,2026-05-21 13:24:34.685,29.9,2.74,4.475,2340,201.34,3.83,1523,2443,1814,6289,ON
44,2026-05-21 13:24:35.185,29.9,2.73,4.448,2387,201.26,3.91,1526,2447,1817,6287,ON
45,2026-05-21 13:24:35.685,29.9,2.76,4.459,2431,201.17,4.00,1524,2445,1816,6296,ON
46,2026-05-21 13:24:36.185,29.9,2.79,4.452,2473,201.08,4.09,1532,2458,1826,6411,ON
47,2026-05-21 13:24:36.685,29.9,2.82,4.446,2517,201.00,4.18,1534,2462,1828,6406,ON
48,2026-05-21 13:24:37.185,30.0,2.85,4.452,2561,200.91,4.26,1528,2454,1823,6300,ON
49,2026-05-21 13:24:37.685,30.0,2.87,4.435,2602,200.83,4.34,1526,2451,1821,6317,ON
50,2026-05-21 13:24:38.185,29.9,2.89,4.465,2641,200.74,4.43,1526,2450,1820,6413,ON
51,2026-05-21 13:24:38.685,29.9,2.89,4.442,2683,200.66,4.52,1529,2454,1823,6352,ON
52,2026-05-21 13:24:39.185,29.9,2.90,4.457,2732,200.57,4.60,1533,2460,1826,6219,ON
53,2026-05-21 13:24:39.685,30.0,2.91,4.452,2784,200.49,4.69,1529,2454,1823,6277,ON
54,2026-05-21 13:24:40.185,30.0,2.90,4.465,2833,200.40,4.78,1534,2459,1826,6393,ON
55,2026-05-21 13:24:40.685,30.0,2.90,4.449,2876,200.31,4.86,1533,2459,1826,6330,ON
56,2026-05-21 13:24:41.185,30.0,2.92,4.434,2919,200.22,4.95,1531,2457,1825,6304,ON
57,2026-05-21 13:24:41.685,30.0,2.96,4.428,2967,200.14,5.03,1537,2466,1832,6382,ON
58,2026-05-21 13:24:42.185,30.0,2.99,4.438,3017,200.06,5.12,1539,2470,1835,6393,ON
59,2026-05-21 13:24:42.685,30.0,2.98,4.433,3067,199.97,5.21,1537,2466,1833,6390,ON
60,2026-05-21 13:24:43.185,30.0,2.98,4.441,3119,199.88,5.29,1537,2467,1833,6255,ON
61,2026-05-21 13:24:43.685,30.1,2.98,4.420,3165,199.79,5.38,1535,2463,1831,6329,ON
62,2026-05-21 13:24:44.185,30.1,3.01,4.432,3207,199.71,5.46,1533,2461,1829,6391,ON
63,2026-05-21 13:24:44.685,30.1,3.03,4.427,3247,199.62,5.56,1533,2461,1830,6356,ON
64,2026-05-21 13:24:45.185,30.1,3.03,4.450,3285,199.53,5.64,1535,2462,1830,6296,ON
65,2026-05-21 13:24:45.685,30.1,3.04,4.429,3324,199.45,5.72,1534,2461,1829,6305,ON
66,2026-05-21 13:24:46.185,30.1,3.05,4.418,3366,199.36,5.81,1528,2453,1824,6435,ON
67,2026-05-21 13:24:46.685,30.1,3.05,4.432,3417,199.28,5.90,1533,2460,1829,6406,ON
68,2026-05-21 13:24:47.185,30.1,3.05,4.422,3472,199.19,5.98,1539,2465,1833,6326,ON
69,2026-05-21 13:24:47.685,30.1,3.07,4.422,3527,199.11,6.07,1541,2467,1834,6374,ON
70,2026-05-21 13:24:48.185,30.2,3.11,4.407,3577,199.02,6.16,1542,2469,1835,6463,ON
71,2026-05-21 13:24:48.685,30.2,3.14,4.410,3622,198.93,6.24,1535,2461,1829,6365,ON
72,2026-05-21 13:24:49.185,30.2,3.17,4.413,3667,198.84,6.33,1538,2464,1832,6268,ON
73,2026-05-21 13:24:49.685,30.2,3.18,4.406,3708,198.76,6.41,1542,2471,1836,6345,ON
74,2026-05-21 13:24:50.185,30.2,3.20,4.412,3752,198.67,6.50,1538,2465,1832,6370,ON
75,2026-05-21 13:24:50.685,30.2,3.20,4.411,3799,198.59,6.58,1539,2467,1827,6309,ON
76,2026-05-21 13:24:51.185,30.2,3.21,4.407,3845,198.50,6.67,1539,2467,1830,6370,ON
77,2026-05-21 13:24:51.685,30.2,3.22,4.407,3891,198.42,6.76,1543,2473,1837,6421,ON
78,2026-05-21 13:24:52.185,30.2,3.21,4.420,3938,198.33,6.85,1543,2473,1837,6469,ON
79,2026-05-21 13:24:52.685,30.2,3.21,4.402,3987,198.25,6.93,1540,2468,1835,6445,ON
80,2026-05-21 13:24:53.185,30.2,3.24,4.394,4033,198.16,7.01,1541,2470,1837,6417,ON
81,2026-05-21 13:24:53.685,30.2,3.26,4.407,4072,198.07,7.11,1539,2467,1833,6289,ON
82,2026-05-21 13:24:54.185,30.3,3.26,4.413,4107,197.98,7.19,1535,2461,1830,6328,ON
83,2026-05-21 13:24:54.685,30.3,3.27,4.402,4144,197.90,7.27,1539,2466,1834,6411,ON
84,2026-05-21 13:24:55.185,30.3,3.29,4.398,4182,197.81,7.37,1543,2472,1839,6416,ON
85,2026-05-21 13:24:55.685,30.3,3.30,4.401,4217,197.73,7.45,1548,2479,1843,6287,ON
86,2026-05-21 13:24:56.185,30.3,3.31,4.404,4249,197.64,7.53,1547,2479,1844,6377,ON
87,2026-05-21 13:24:56.685,30.3,3.30,4.386,4285,197.56,7.61,1543,2475,1841,6468,ON
88,2026-05-21 13:24:57.185,30.3,3.32,4.388,4330,197.47,7.70,1544,2475,1841,6413,ON
89,2026-05-21 13:24:57.685,30.4,3.33,4.392,4382,197.37,7.81,1541,2471,1837,6333,ON
90,2026-05-21 13:24:58.185,30.4,3.34,4.392,4432,197.28,7.89,1537,2465,1834,6320,ON
91,2026-05-21 13:24:58.685,30.4,3.35,4.393,4476,197.20,7.98,1538,2465,1834,6403,ON
92,2026-05-21 13:24:59.185,30.4,3.37,4.380,4521,197.11,8.07,1542,2470,1838,6408,ON
93,2026-05-21 13:24:59.685,30.4,3.39,4.381,4564,197.02,8.15,1546,2476,1843,6317,ON
94,2026-05-21 13:25:00.185,30.4,3.39,4.405,4605,196.94,8.24,1545,2476,1841,6346,ON
95,2026-05-21 13:25:00.685,30.4,3.36,4.381,4646,196.85,8.33,1540,2468,1834,6481,ON
96,2026-05-21 13:25:01.185,30.4,3.39,4.396,4685,196.76,8.41,1541,2468,1836,6400,ON
97,2026-05-21 13:25:01.685,30.4,3.37,4.390,4725,196.68,8.49,1546,2474,1841,6352,ON
98,2026-05-21 13:25:02.185,30.4,3.37,4.383,4767,196.60,8.58,1540,2467,1837,6425,ON
99,2026-05-21 13:25:02.685,30.4,3.38,4.380,4810,196.51,8.67,1541,2467,1836,6387,ON
100,2026-05-21 13:25:03.185,30.5,3.39,4.388,4854,196.42,8.75,1544,2471,1838,6328,ON
101,2026-05-21 13:25:03.685,30.5,3.40,4.374,4897,196.33,8.84,1542,2469,1838,6298,ON
102,2026-05-21 13:25:04.185,30.5,3.43,4.393,4937,196.26,8.92,1542,2470,1839,6332,ON
103,2026-05-21 13:25:04.685,30.5,3.40,4.385,4976,196.16,9.01,1542,2470,1840,6327,ON
104,2026-05-21 13:25:05.185,30.5,3.41,4.392,5014,196.08,9.10,1547,2477,1846,6444,ON
105,2026-05-21 13:25:05.685,30.5,3.40,4.420,5049,195.99,9.18,1551,2483,1850,6436,ON
106,2026-05-21 13:25:06.185,30.5,3.37,4.389,5084,195.91,9.27,1552,2486,1851,6377,ON
107,2026-05-21 13:25:06.685,30.5,3.37,4.371,5115,195.82,9.36,1553,2486,1851,6419,ON
108,2026-05-21 13:25:07.185,30.5,3.41,4.383,5151,195.74,9.43,1554,2486,1851,6522,ON
109,2026-05-21 13:25:07.685,30.5,3.42,4.373,5195,195.65,9.53,1550,2481,1847,6429,ON
110,2026-05-21 13:25:08.185,30.6,3.44,4.385,5243,195.56,9.62,1549,2480,1845,6292,ON
111,2026-05-21 13:25:08.685,30.6,3.44,4.374,5288,195.48,9.69,1549,2480,1846,6408,ON
112,2026-05-21 13:25:09.185,30.6,3.48,4.356,5326,195.39,9.78,1552,2483,1847,6469,ON
113,2026-05-21 13:25:09.685,30.6,3.52,4.363,5358,195.31,9.87,1551,2481,1846,6335,ON
114,2026-05-21 13:25:10.185,30.6,3.53,4.374,5394,195.22,9.95,1544,2472,1840,6268,ON
115,2026-05-21 13:25:10.685,30.6,3.52,4.376,5435,195.13,10.05,1552,2484,1849,6453,ON
116,2026-05-21 13:25:11.185,30.6,3.53,4.365,5477,195.04,10.13,1559,2492,1855,6515,ON
117,2026-05-21 13:25:11.685,30.6,3.54,4.375,5520,194.96,10.21,1567,2479,1846,6524,ON
118,2026-05-21 13:25:12.185,30.7,3.53,4.370,5566,194.87,10.30,1560,2480,1847,6452,ON
119,2026-05-21 13:25:12.685,30.7,3.53,4.366,5612,194.78,10.39,1560,2489,1853,6424,ON
120,2026-05-21 13:25:13.185,30.7,3.54,4.367,5655,194.70,10.47,1557,2488,1852,6418,ON
121,2026-05-21 13:25:13.685,30.7,3.54,4.357,5695,194.61,10.56,1555,2486,1850,6426,ON
122,2026-05-21 13:25:14.185,30.7,3.55,4.359,5734,194.53,10.65,1554,2486,1850,6437,ON
123,2026-05-21 13:25:14.685,30.7,3.54,4.372,5772,194.44,10.73,1555,2489,1853,6366,ON
124,2026-05-21 13:25:15.185,30.7,3.54,4.355,5811,194.35,10.82,1556,2490,1853,6390,ON
125,2026-05-21 13:25:15.685,30.7,3.57,4.351,5848,194.25,10.92,1550,2482,1847,6424,ON
126,2026-05-21 13:25:16.185,30.7,3.58,4.360,5883,194.17,11.01,1550,2481,1847,6482,ON
127,2026-05-21 13:25:16.685,30.7,3.59,4.358,5916,194.08,11.10,1557,2493,1856,6407,ON
128,2026-05-21 13:25:17.185,30.8,3.60,4.355,5951,193.99,11.19,1562,2501,1863,6495,ON
129,2026-05-21 13:25:17.685,30.8,3.60,4.355,5987,193.91,11.26,1567,2507,1867,6532,ON
130,2026-05-21 13:25:18.185,30.8,3.61,4.358,6022,193.82,11.35,1561,2499,1862,6407,ON
131,2026-05-21 13:25:18.685,30.8,3.62,4.353,6053,193.73,11.44,1556,2491,1856,6375,ON
132,2026-05-21 13:25:19.185,30.8,3.63,4.359,6084,193.65,11.52,1560,2496,1859,6442,ON
133,2026-05-21 13:25:19.685,30.8,3.63,4.364,6118,193.56,11.61,1558,2494,1857,6436,ON
134,2026-05-21 13:25:20.185,30.8,3.63,4.351,6156,193.48,11.70,1558,2493,1856,6365,ON
135,2026-05-21 13:25:20.685,30.8,3.65,4.363,6198,193.40,11.78,1558,2493,1856,6457,ON
136,2026-05-21 13:25:21.185,30.8,3.63,4.354,6240,193.31,11.86,1559,2495,1858,6510,ON
137,2026-05-21 13:25:21.685,30.9,3.64,4.357,6280,193.22,11.95,1564,2502,1863,6507,ON
138,2026-05-21 13:25:22.185,30.9,3.65,4.353,6319,193.13,12.04,1558,2492,1856,6422,ON
139,2026-05-21 13:25:22.685,30.9,3.65,4.359,6354,193.05,12.12,1556,2490,1854,6351,ON
140,2026-05-21 13:25:23.185,30.9,3.68,4.336,6387,192.96,12.21,1558,2493,1856,6477,ON
141,2026-05-21 13:25:23.685,30.9,3.71,4.340,6423,192.88,12.30,1561,2498,1860,6477,ON
142,2026-05-21 13:25:24.185,30.9,3.70,4.326,6461,192.79,12.38,1564,2503,1864,6339,ON
143,2026-05-21 13:25:24.685,30.9,3.72,4.346,6498,192.71,12.47,1565,2504,1865,6455,ON
144,2026-05-21 13:25:25.185,30.9,3.72,4.348,6532,192.62,12.55,1562,2501,1860,6517,ON
145,2026-05-21 13:25:25.685,30.9,3.72,4.344,6562,192.53,12.64,1566,2503,1854,6519,ON
146,2026-05-21 13:25:26.185,30.9,3.73,4.352,6592,192.45,12.73,1568,2505,1857,6544,ON
147,2026-05-21 13:25:26.685,30.9,3.72,4.351,6624,192.36,12.82,1565,2500,1858,6465,ON
148,2026-05-21 13:25:27.185,30.9,3.73,4.346,6659,192.27,12.90,1565,2501,1861,6391,ON
149,2026-05-21 13:25:27.685,30.9,3.73,4.338,6697,192.19,12.98,1562,2498,1859,6435,ON
150,2026-05-21 13:25:28.185,30.9,3.74,4.338,6737,192.10,13.07,1561,2496,1858,6487,ON
151,2026-05-21 13:25:28.685,31.0,3.75,4.335,6778,192.02,13.16,1566,2504,1864,6473,ON
152,2026-05-21 13:25:29.185,31.0,3.73,4.345,6816,191.93,13.25,1567,2506,1866,6368,ON
153,2026-05-21 13:25:29.685,31.0,3.72,4.338,6853,191.84,13.34,1566,2504,1866,6485,ON
154,2026-05-21 13:25:30.185,31.0,3.74,4.346,6891,191.76,13.42,1567,2506,1867,6547,ON
155,2026-05-21 13:25:30.685,31.0,3.75,4.348,6929,191.67,13.51,1566,2503,1865,6478,ON
156,2026-05-21 13:25:31.185,31.0,3.74,4.333,6961,191.58,13.59,1567,2506,1866,6456,ON
157,2026-05-21 13:25:31.685,31.0,3.75,4.341,6994,191.51,13.67,1565,2502,1864,6529,ON
158,2026-05-21 13:25:32.185,31.0,3.76,4.331,7028,191.42,13.76,1568,2506,1867,6507,ON
159,2026-05-21 13:25:32.685,31.0,3.78,4.329,7063,191.33,13.85,1572,2513,1871,6377,ON
160,2026-05-21 13:25:33.185,31.0,3.78,4.333,7099,191.24,13.94,1570,2511,1870,6453,ON
161,2026-05-21 13:25:33.685,31.1,3.78,4.318,7139,191.15,14.02,1572,2513,1871,6484,ON
162,2026-05-21 13:25:34.185,31.1,3.80,4.329,7174,191.06,14.11,1569,2508,1868,6424,ON
163,2026-05-21 13:25:34.685,31.1,3.81,4.329,7205,190.98,14.20,1565,2501,1862,6391,ON
164,2026-05-21 13:25:35.185,31.1,3.82,4.325,7237,190.90,14.27,1566,2503,1864,6462,ON
165,2026-05-21 13:25:35.685,31.1,3.82,4.326,7270,190.81,14.37,1565,2502,1864,6562,ON
166,2026-05-21 13:25:36.185,31.1,3.82,4.330,7303,190.72,14.45,1573,2514,1871,6588,ON
167,2026-05-21 13:25:36.685,31.1,3.82,4.327,7337,190.64,14.54,1569,2509,1869,6502,ON
168,2026-05-21 13:25:37.185,31.1,3.84,4.321,7370,190.55,14.63,1571,2512,1873,6395,ON
169,2026-05-21 13:25:37.685,31.1,3.86,4.352,7406,190.46,14.71,1571,2513,1872,6483,ON
170,2026-05-21 13:25:38.185,31.1,3.87,4.320,7440,190.38,14.79,1570,2511,1871,6550,ON
171,2026-05-21 13:25:38.685,31.2,3.88,4.336,7473,190.29,14.89,1572,2513,1872,6440,ON
172,2026-05-21 13:25:39.185,31.2,3.89,4.318,7507,190.18,14.99,1568,2507,1868,6408,ON
173,2026-05-21 13:25:39.685,31.2,3.92,4.304,7541,190.11,15.06,1575,2517,1874,6517,ON
174,2026-05-21 13:25:40.185,31.2,3.95,4.306,7574,190.02,15.15,1575,2519,1876,6567,ON
175,2026-05-21 13:25:40.685,31.2,3.95,4.310,7607,189.93,15.24,1573,2514,1872,6505,ON
176,2026-05-21 13:25:41.185,31.2,3.93,4.320,7642,189.85,15.33,1575,2516,1873,6477,ON
177,2026-05-21 13:25:41.685,31.2,3.91,4.323,7681,189.76,15.41,1574,2515,1873,6480,ON
178,2026-05-21 13:25:42.185,31.2,3.89,4.325,7720,189.67,15.51,1573,2512,1871,6487,ON
179,2026-05-21 13:25:42.685,31.2,3.88,4.318,7755,189.59,15.58,1573,2511,1871,6493,ON
180,2026-05-21 13:25:43.185,31.2,3.89,4.320,7784,189.50,15.68,1572,2512,1872,6445,ON
181,2026-05-21 13:25:43.685,31.2,3.89,4.322,7809,189.41,15.77,1575,2517,1874,6473,ON
182,2026-05-21 13:25:44.185,31.2,3.89,4.325,7833,189.32,15.85,1577,2520,1878,6533,ON
183,2026-05-21 13:25:44.685,31.2,3.90,4.312,7861,189.24,15.93,1579,2523,1881,6580,ON
184,2026-05-21 13:25:45.185,31.3,3.92,4.325,7893,189.16,16.02,1575,2516,1879,6502,ON
185,2026-05-21 13:25:45.685,31.3,3.93,4.305,7932,189.07,16.11,1573,2514,1875,6489,ON
186,2026-05-21 13:25:46.185,31.3,3.96,4.309,7977,188.98,16.19,1577,2519,1877,6548,ON
187,2026-05-21 13:25:46.685,31.3,3.97,4.318,8024,188.90,16.28,1582,2527,1882,6592,ON
188,2026-05-21 13:25:47.185,31.3,3.95,4.319,8064,188.81,16.36,1585,2531,1885,6610,ON
189,2026-05-21 13:25:47.685,31.3,3.94,4.319,8099,188.72,16.45,1583,2528,1883,6423,ON
190,2026-05-21 13:25:48.185,31.3,3.92,4.308,8134,188.64,16.54,1576,2517,1874,6444,ON
191,2026-05-21 13:25:48.685,31.3,3.94,4.321,8168,188.55,16.63,1580,2522,1878,6522,ON
192,2026-05-21 13:25:49.185,31.3,3.92,4.314,8199,188.46,16.71,1580,2523,1878,6531,ON
193,2026-05-21 13:25:49.685,31.4,3.93,4.310,8229,188.38,16.80,1580,2523,1879,6474,ON
194,2026-05-21 13:25:50.185,31.4,3.95,4.303,8261,188.29,16.89,1578,2520,1877,6493,ON
195,2026-05-21 13:25:50.685,31.4,3.98,4.302,8293,188.20,16.97,1576,2516,1875,6609,ON
196,2026-05-21 13:25:51.185,31.4,4.00,4.296,8326,188.12,17.06,1583,2527,1882,6621,ON
197,2026-05-21 13:25:51.685,31.4,4.01,4.301,8360,188.03,17.14,1581,2523,1880,6541,ON
198,2026-05-21 13:25:52.185,31.4,4.02,4.311,8396,187.94,17.23,1582,2526,1883,6476,ON
199,2026-05-21 13:25:52.685,31.4,4.00,4.289,8427,187.86,17.31,1583,2528,1883,6520,ON
200,2026-05-21 13:25:53.185,31.4,4.03,4.314,8455,187.77,17.40,1587,2534,1887,6610,ON
201,2026-05-21 13:25:53.685,31.4,4.05,4.297,8489,187.69,17.48,1594,2546,1896,6484,ON
202,2026-05-21 13:25:54.185,31.4,4.05,4.312,8528,187.60,17.57,1589,2537,1889,6442,ON
203,2026-05-21 13:25:54.685,31.4,4.04,4.304,8567,187.52,17.66,1589,2537,1890,6539,ON
204,2026-05-21 13:25:55.185,31.4,4.04,4.300,8605,187.42,17.75,1587,2534,1887,6619,ON
205,2026-05-21 13:25:55.685,31.4,4.05,4.292,8637,187.34,17.83,1585,2531,1884,6542,ON
206,2026-05-21 13:25:56.185,31.5,4.05,4.299,8669,187.25,17.92,1588,2535,1888,6578,ON
207,2026-05-21 13:25:56.685,31.5,4.06,4.288,8706,187.17,18.00,1592,2540,1891,6647,ON
208,2026-05-21 13:25:57.185,31.5,4.06,4.312,8747,187.08,18.10,1593,2540,1892,6607,ON
209,2026-05-21 13:25:57.685,31.5,4.08,4.278,8782,187.00,18.18,1586,2530,1884,6467,ON
210,2026-05-21 13:25:58.185,31.5,4.11,4.309,8817,186.91,18.27,1579,2524,1882,6463,ON
211,2026-05-21 13:25:58.685,31.5,4.10,4.301,8850,186.82,18.36,1587,2527,1883,6600,ON
212,2026-05-21 13:25:59.185,31.5,4.10,4.313,8887,186.73,18.44,1594,2534,1888,6568,ON
213,2026-05-21 13:25:59.685,31.5,4.09,4.296,8921,186.64,18.53,1592,2537,1889,6464,ON
214,2026-05-21 13:26:00.185,31.5,4.09,4.297,8952,186.56,18.61,1587,2550,1899,6513,ON
215,2026-05-21 13:26:00.685,31.6,4.10,4.299,8985,186.47,18.70,1589,2545,1896,6524,ON
216,2026-05-21 13:26:01.185,31.6,4.11,4.273,9018,186.39,18.78,1593,2544,1895,6583,ON
217,2026-05-21 13:26:01.685,31.6,4.13,4.287,9051,186.30,18.88,1594,2545,1895,6654,ON
218,2026-05-21 13:26:02.185,31.6,4.14,4.284,9084,186.21,18.96,1595,2544,1895,6616,ON
219,2026-05-21 13:26:02.685,31.6,4.14,4.291,9119,186.13,19.04,1600,2551,1901,6569,ON
220,2026-05-21 13:26:03.185,31.6,4.14,4.291,9156,186.05,19.13,1598,2550,1900,6641,ON
221,2026-05-21 13:26:03.685,31.6,4.14,4.293,9191,185.96,19.22,1601,2555,1903,6634,ON
222,2026-05-21 13:26:04.185,31.6,4.15,4.284,9223,185.87,19.30,1598,2548,1898,6474,ON
223,2026-05-21 13:26:04.685,31.6,4.16,4.296,9254,185.78,19.40,1589,2534,1888,6458,ON
224,2026-05-21 13:26:05.185,31.6,4.16,4.292,9287,185.69,19.49,1598,2548,1898,6614,ON
225,2026-05-21 13:26:05.685,31.6,4.16,4.284,9322,185.59,19.58,1600,2550,1900,6591,ON
226,2026-05-21 13:26:06.185,31.6,4.17,4.282,9368,185.51,19.66,1599,2550,1900,6492,ON
227,2026-05-21 13:26:06.685,31.7,4.18,4.290,9416,185.42,19.75,1603,2557,1904,6617,ON
228,2026-05-21 13:26:07.185,31.7,4.19,4.279,9457,185.34,19.84,1603,2558,1905,6724,ON
229,2026-05-21 13:26:07.685,31.7,4.20,4.289,9491,185.25,19.92,1603,2557,1905,6663,ON
230,2026-05-21 13:26:08.185,31.7,4.18,4.274,9521,185.16,20.01,1603,2558,1905,6579,ON
231,2026-05-21 13:26:08.685,31.7,4.21,4.271,9552,185.08,20.10,1602,2555,1903,6597,ON
232,2026-05-21 13:26:09.185,31.7,4.23,4.279,9582,184.99,20.19,1602,2552,1901,6588,ON
233,2026-05-21 13:26:09.685,31.7,4.22,4.287,9613,184.91,20.27,1601,2547,1898,6589,ON
234,2026-05-21 13:26:10.185,31.7,4.20,4.278,9642,184.82,20.35,1601,2549,1894,6517,ON
235,2026-05-21 13:26:10.685,31.7,4.22,4.274,9672,184.73,20.44,1605,2557,1894,6585,ON
236,2026-05-21 13:26:11.185,31.7,4.23,4.274,9704,184.65,20.52,1601,2567,1907,6639,ON
237,2026-05-21 13:26:11.685,31.7,4.23,4.271,9743,184.56,20.61,1602,2566,1909,6627,ON
238,2026-05-21 13:26:12.185,31.7,4.25,4.287,9780,184.47,20.70,1605,2563,1909,6621,ON
239,2026-05-21 13:26:12.685,31.7,4.27,4.265,9817,184.39,20.79,1605,2561,1907,6633,ON
240,2026-05-21 13:26:13.185,31.7,4.29,4.269,9849,184.30,20.87,1609,2564,1909,6696,ON
241,2026-05-21 13:26:13.685,31.8,4.29,4.271,9877,184.22,20.96,1611,2565,1911,6598,ON
242,2026-05-21 13:26:14.185,31.8,4.31,4.260,9902,184.13,21.05,1600,2560,1908,6519,ON
243,2026-05-21 13:26:14.685,31.8,4.32,4.262,9927,184.04,21.13,1592,2563,1910,6529,ON
244,2026-05-21 13:26:15.185,31.8,4.33,4.271,9953,183.95,21.22,1602,2565,1910,6626,ON
245,2026-05-21 13:26:15.685,31.8,4.33,4.261,9983,183.87,21.31,1606,2563,1909,6677,ON
246,2026-05-21 13:26:16.185,31.8,4.34,4.260,10009,183.79,21.39,1610,2567,1913,6609,ON
247,2026-05-21 13:26:16.685,31.8,4.34,4.257,10038,183.70,21.47,1609,2565,1911,6530,ON
248,2026-05-21 13:26:17.185,31.8,4.35,4.289,10071,183.62,21.56,1612,2568,1913,6667,ON
249,2026-05-21 13:26:17.685,31.8,4.34,4.266,10109,183.53,21.65,1615,2572,1915,6734,ON
250,2026-05-21 13:26:18.185,31.9,4.35,4.257,10144,183.44,21.73,1611,2566,1912,6627,ON
251,2026-05-21 13:26:18.685,31.9,4.35,4.278,10179,183.36,21.82,1610,2563,1911,6626,ON
252,2026-05-21 13:26:19.185,31.9,4.34,4.260,10212,183.27,21.91,1609,2564,1910,6637,ON
253,2026-05-21 13:26:19.685,31.9,4.38,4.249,10244,183.18,22.00,1609,2563,1909,6627,ON
254,2026-05-21 13:26:20.185,31.9,4.41,4.267,10276,183.09,22.08,1610,2563,1909,6613,ON
255,2026-05-21 13:26:20.685,31.9,4.40,4.257,10311,183.01,22.16,1613,2568,1913,6587,ON
256,2026-05-21 13:26:21.185,31.9,4.41,4.238,10346,182.92,22.26,1615,2571,1915,6657,ON
257,2026-05-21 13:26:21.685,31.9,4.43,4.248,10375,182.84,22.34,1616,2573,1916,6660,ON
258,2026-05-21 13:26:22.185,31.9,4.44,4.245,10406,182.75,22.43,1615,2569,1914,6635,ON
259,2026-05-21 13:26:22.685,31.9,4.43,4.259,10440,182.67,22.51,1616,2571,1915,6668,ON
260,2026-05-21 13:26:23.185,31.9,4.42,4.256,10475,182.58,22.59,1619,2575,1917,6745,ON
261,2026-05-21 13:26:23.685,31.9,4.42,4.249,10513,182.49,22.69,1621,2579,1922,6711,ON
262,2026-05-21 13:26:24.185,31.9,4.44,4.246,10550,182.41,22.77,1616,2573,1917,6599,ON
263,2026-05-21 13:26:24.685,31.9,4.46,4.238,10587,182.32,22.85,1611,2566,1912,6586,ON
264,2026-05-21 13:26:25.185,31.9,4.48,4.240,10627,182.23,22.94,1619,2576,1919,6684,ON
265,2026-05-21 13:26:25.685,32.0,4.49,4.240,10665,182.15,23.03,1621,2578,1920,6664,ON
266,2026-05-21 13:26:26.185,32.0,4.50,4.241,10697,182.04,23.13,1620,2578,1919,6563,ON
267,2026-05-21 13:26:26.685,32.0,4.49,4.245,10726,181.95,23.22,1621,2576,1919,6638,ON
268,2026-05-21 13:26:27.185,32.0,4.47,4.252,10753,181.87,23.30,1621,2576,1920,6719,ON
269,2026-05-21 13:26:27.685,32.0,4.46,4.244,10778,181.78,23.39,1624,2582,1924,6703,ON
270,2026-05-21 13:26:28.185,32.0,4.46,4.240,10803,181.70,23.47,1626,2586,1926,6717,ON
271,2026-05-21 13:26:28.685,32.0,4.48,4.242,10831,181.61,23.56,1624,2581,1923,6679,ON
272,2026-05-21 13:26:29.185,32.0,4.48,4.247,10861,181.53,23.65,1626,2584,1925,6706,ON
273,2026-05-21 13:26:29.685,32.0,4.47,4.237,10893,181.44,23.73,1628,2588,1928,6772,ON
274,2026-05-21 13:26:30.185,32.0,4.48,4.239,10921,181.36,23.82,1627,2588,1928,6731,ON
275,2026-05-21 13:26:30.685,32.1,4.50,4.236,10955,181.27,23.91,1631,2594,1932,6555,ON
276,2026-05-21 13:26:31.185,32.1,4.52,4.241,10993,181.19,23.99,1627,2588,1928,6654,ON
277,2026-05-21 13:26:31.685,32.1,4.52,4.238,11032,181.10,24.08,1629,2590,1928,6747,ON
278,2026-05-21 13:26:32.185,32.1,4.53,4.239,11066,181.01,24.16,1628,2589,1929,6696,ON
279,2026-05-21 13:26:32.685,32.1,4.52,4.231,11095,180.92,24.25,1626,2589,1929,6595,ON
280,2026-05-21 13:26:33.185,32.1,4.51,4.245,11124,180.84,24.34,1627,2587,1927,6664,ON
281,2026-05-21 13:26:33.685,32.1,4.52,4.234,11156,180.75,24.43,1624,2582,1923,6803,ON
282,2026-05-21 13:26:34.185,32.1,4.55,4.226,11189,180.66,24.51,1629,2589,1929,6777,ON
283,2026-05-21 13:26:34.685,32.1,4.57,4.214,11224,180.58,24.59,1629,2591,1930,6650,ON
284,2026-05-21 13:26:35.185,32.1,4.60,4.242,11259,180.49,24.68,1628,2589,1929,6683,ON
285,2026-05-21 13:26:35.685,32.1,4.60,4.226,11297,180.41,24.77,1626,2584,1926,6674,ON
286,2026-05-21 13:26:36.185,32.1,4.60,4.232,11337,180.32,24.85,1625,2583,1925,6728,ON
287,2026-05-21 13:26:36.685,32.1,4.60,4.225,11378,180.23,24.94,1630,2591,1931,6639,ON
288,2026-05-21 13:26:37.185,32.2,4.60,4.233,11410,180.15,25.03,1630,2592,1932,6661,ON
289,2026-05-21 13:26:37.685,32.2,4.59,4.230,11438,180.06,25.12,1632,2595,1935,6746,ON
290,2026-05-21 13:26:38.185,32.2,4.60,4.227,11466,179.97,25.21,1634,2599,1937,6772,ON
291,2026-05-21 13:26:38.685,32.2,4.62,4.236,11494,179.89,25.29,1631,2591,1931,6658,ON
292,2026-05-21 13:26:39.185,32.2,4.63,4.223,11522,179.80,25.37,1630,2589,1930,6700,ON
293,2026-05-21 13:26:39.685,32.2,4.63,4.228,11552,179.71,25.46,1631,2589,1929,6782,ON
294,2026-05-21 13:26:40.185,32.2,4.62,4.228,11579,179.63,25.55,1629,2587,1929,6727,ON
295,2026-05-21 13:26:40.685,32.2,4.62,4.207,11610,179.55,25.63,1633,2593,1932,6627,ON
296,2026-05-21 13:26:41.185,32.2,4.62,4.224,11644,179.46,25.72,1630,2584,1926,6658,ON
297,2026-05-21 13:26:41.685,32.2,4.63,4.232,11677,179.37,25.80,1633,2591,1923,6737,ON
298,2026-05-21 13:26:42.185,32.3,4.63,4.231,11705,179.29,25.89,1634,2601,1934,6751,ON
299,2026-05-21 13:26:42.685,32.3,4.62,4.238,11735,179.20,25.98,1630,2598,1938,6689,ON
300,2026-05-21 13:26:43.185,32.3,4.62,4.228,11771,179.11,26.06,1631,2592,1934,6735,ON
301,2026-05-21 13:26:43.685,32.3,4.63,4.236,11806,179.03,26.14,1633,2595,1932,6714,ON
302,2026-05-21 13:26:44.185,32.3,4.64,4.222,11841,178.94,26.24,1633,2594,1933,6760,ON
303,2026-05-21 13:26:44.685,32.3,4.64,4.213,11875,178.85,26.32,1635,2596,1934,6807,ON
304,2026-05-21 13:26:45.185,32.3,4.65,4.222,11913,178.77,26.41,1632,2592,1931,6719,ON
305,2026-05-21 13:26:45.685,32.3,4.66,4.205,11949,178.67,26.50,1634,2594,1933,6667,ON
306,2026-05-21 13:26:46.185,32.3,4.70,4.211,11982,178.59,26.58,1634,2596,1933,6708,ON
307,2026-05-21 13:26:46.685,32.3,4.71,4.223,12016,178.50,26.67,1633,2594,1933,6789,ON
308,2026-05-21 13:26:47.185,32.3,4.69,4.199,12051,178.42,26.75,1640,2603,1940,6725,ON
309,2026-05-21 13:26:47.685,32.3,4.72,4.206,12083,178.34,26.84,1638,2602,1940,6650,ON
310,2026-05-21 13:26:48.185,32.3,4.72,4.214,12117,178.24,26.93,1641,2605,1941,6723,ON
311,2026-05-21 13:26:48.685,32.3,4.72,4.218,12155,178.16,27.01,1639,2602,1939,6808,ON
312,2026-05-21 13:26:49.185,32.3,4.72,4.216,12195,178.06,27.12,1640,2603,1940,6794,ON
313,2026-05-21 13:26:49.685,32.4,4.74,4.206,12227,177.97,27.20,1644,2609,1944,6719,ON
314,2026-05-21 13:26:50.185,32.4,4.76,4.223,12250,177.89,27.29,1644,2610,1944,6754,ON
315,2026-05-21 13:26:50.685,32.4,4.76,4.208,12282,177.80,27.37,1644,2609,1944,6827,ON
316,2026-05-21 13:26:51.185,32.4,4.76,4.192,12315,177.71,27.46,1636,2597,1935,6707,ON
317,2026-05-21 13:26:51.685,32.4,4.80,4.207,12346,177.62,27.55,1634,2594,1932,6649,ON
318,2026-05-21 13:26:52.185,32.4,4.79,4.212,12377,177.54,27.63,1639,2601,1938,6719,ON
319,2026-05-21 13:26:52.685,32.4,4.78,4.211,12404,177.45,27.72,1643,2606,1942,6793,ON
320,2026-05-21 13:26:53.185,32.4,4.79,4.191,12432,177.36,27.81,1644,2609,1944,6763,ON
321,2026-05-21 13:26:53.685,32.4,4.82,4.198,12457,177.28,27.90,1645,2611,1946,6683,ON
322,2026-05-21 13:26:54.185,32.4,4.83,4.188,12482,177.20,27.98,1646,2612,1947,6760,ON
323,2026-05-21 13:26:54.685,32.4,4.83,4.197,12507,177.11,28.06,1646,2611,1954,6841,ON
324,2026-05-21 13:26:55.185,32.4,4.83,4.208,12534,177.02,28.15,1650,2619,1960,6844,ON
325,2026-05-21 13:26:55.685,32.4,4.82,4.202,12562,176.94,28.24,1647,2609,1959,6715,ON
326,2026-05-21 13:26:56.185,32.5,4.82,4.184,12589,176.85,28.32,1642,2603,1951,6743,ON
327,2026-05-21 13:26:56.685,32.5,4.83,4.192,12618,176.76,28.41,1645,2608,1949,6739,ON
328,2026-05-21 13:26:57.185,32.5,4.84,4.193,12650,176.68,28.50,1647,2613,1950,6771,ON
329,2026-05-21 13:26:57.685,32.5,4.85,4.200,12687,176.59,28.58,1648,2614,1950,6788,ON
330,2026-05-21 13:26:58.185,32.5,4.86,4.189,12725,176.50,28.67,1650,2617,1951,6747,ON
331,2026-05-21 13:26:58.685,32.5,4.87,4.181,12758,176.41,28.77,1647,2614,1949,6725,ON
332,2026-05-21 13:26:59.185,32.5,4.87,4.196,12793,176.33,28.85,1650,2618,1952,6763,ON
333,2026-05-21 13:26:59.685,32.5,4.86,4.195,12826,176.24,28.93,1646,2615,1950,6801,ON
334,2026-05-21 13:27:00.185,32.5,4.86,4.185,12854,176.16,29.02,1647,2615,1950,6792,ON
335,2026-05-21 13:27:00.685,32.5,4.89,4.182,12881,176.06,29.11,1649,2615,1949,6773,ON
336,2026-05-21 13:27:01.185,32.5,4.89,4.193,12913,175.98,29.20,1651,2618,1952,6799,ON
337,2026-05-21 13:27:01.685,32.6,4.88,4.189,12954,175.90,29.28,1654,2622,1954,6872,ON
338,2026-05-21 13:27:02.185,32.6,4.90,4.178,12994,175.81,29.37,1652,2620,1953,6830,ON
339,2026-05-21 13:27:02.685,32.6,4.93,4.180,13030,175.72,29.46,1656,2627,1959,6700,ON
340,2026-05-21 13:27:03.185,32.6,4.95,4.172,13062,175.63,29.54,1653,2623,1956,6757,ON
341,2026-05-21 13:27:03.685,32.6,4.94,4.183,13094,175.55,29.63,1654,2622,1954,6823,ON
342,2026-05-21 13:27:04.185,32.6,4.94,4.184,13128,175.47,29.71,1653,2622,1954,6788,ON
343,2026-05-21 13:27:04.685,32.6,4.94,4.173,13161,175.38,29.80,1651,2621,1954,6704,ON
344,2026-05-21 13:27:05.185,32.6,4.96,4.178,13194,175.29,29.89,1654,2624,1957,6780,ON
345,2026-05-21 13:27:05.685,32.6,4.96,4.182,13228,175.21,29.97,1652,2621,1967,6895,ON
346,2026-05-21 13:27:06.185,32.6,4.96,4.185,13258,175.12,30.06,1655,2624,1970,6849,ON
347,2026-05-21 13:27:06.685,32.6,4.97,4.170,13288,175.03,30.14,1654,2623,1969,6872,ON
348,2026-05-21 13:27:07.185,32.6,5.00,4.176,13311,174.94,30.23,1654,2621,1960,6817,ON
349,2026-05-21 13:27:07.685,32.7,4.99,4.182,13333,174.85,30.33,1658,2626,1961,6758,ON
350,2026-05-21 13:27:08.185,32.7,5.00,4.166,13353,174.76,30.41,1658,2628,1961,6830,ON
351,2026-05-21 13:27:08.685,32.7,5.02,4.165,13378,174.67,30.51,1660,2629,1961,6816,ON
352,2026-05-21 13:27:09.185,32.7,5.03,4.175,13415,174.58,30.59,1661,2630,1960,6782,ON
353,2026-05-21 13:27:09.685,32.7,5.03,4.168,13456,174.50,30.68,1659,2627,1959,6738,ON
354,2026-05-21 13:27:10.185,32.7,5.05,4.184,13493,174.41,30.76,1661,2631,1962,6784,ON
355,2026-05-21 13:27:10.685,32.7,5.05,4.170,13532,174.33,30.85,1658,2626,1959,6856,ON
356,2026-05-21 13:27:11.185,32.7,5.05,4.166,13568,174.24,30.94,1659,2628,1960,6837,ON
357,2026-05-21 13:27:11.685,32.7,5.06,4.171,13600,174.15,31.02,1660,2629,1960,6790,ON
358,2026-05-21 13:27:12.185,32.7,5.04,4.176,13627,174.06,31.11,1662,2632,1962,6839,ON
359,2026-05-21 13:27:12.685,32.7,5.04,4.165,13656,173.98,31.19,1665,2636,1965,6879,ON
360,2026-05-21 13:27:13.185,32.7,5.06,4.156,13688,173.89,31.28,1659,2629,1961,6825,ON
361,2026-05-21 13:27:13.685,32.7,5.05,4.171,13717,173.80,31.37,1661,2630,1963,6724,ON
362,2026-05-21 13:27:14.185,32.7,5.05,4.153,13746,173.72,31.45,1657,2625,1958,6736,ON
363,2026-05-21 13:27:14.685,32.7,5.05,4.168,13772,173.64,31.54,1660,2626,1959,6866,ON
364,2026-05-21 13:27:15.185,32.7,5.05,4.162,13798,173.55,31.62,1661,2630,1962,6836,ON
365,2026-05-21 13:27:15.685,32.8,5.04,4.177,13827,173.46,31.72,1663,2634,1964,6727,ON
366,2026-05-21 13:27:16.185,32.8,5.04,4.168,13854,173.37,31.80,1659,2629,1962,6783,ON
367,2026-05-21 13:27:16.685,32.8,5.05,4.176,13879,173.28,31.89,1660,2629,1961,6921,ON
368,2026-05-21 13:27:17.185,32.8,5.05,4.174,13906,173.20,31.97,1668,2641,1970,6923,ON
369,2026-05-21 13:27:17.685,32.8,5.09,4.159,13930,173.11,32.06,1664,2636,1965,6800,ON
370,2026-05-21 13:27:18.185,32.8,5.10,4.161,13954,173.02,32.15,1662,2631,1962,6795,ON
371,2026-05-21 13:27:18.685,32.8,5.10,4.158,13984,172.94,32.23,1661,2630,1962,6897,ON
372,2026-05-21 13:27:19.185,32.8,5.12,4.156,14016,172.85,32.32,1666,2638,1968,6887,ON
373,2026-05-21 13:27:19.685,32.8,5.14,4.150,14044,172.77,32.41,1673,2648,1975,6740,ON
374,2026-05-21 13:27:20.185,32.8,5.16,4.152,14077,172.68,32.50,1668,2640,1970,6775,ON
375,2026-05-21 13:27:20.685,32.8,5.17,4.139,14111,172.59,32.58,1672,2646,1979,6886,ON
376,2026-05-21 13:27:21.185,32.9,5.18,4.149,14142,172.50,32.67,1674,2650,1984,6881,ON
377,2026-05-21 13:27:21.685,32.9,5.19,4.147,14175,172.42,32.76,1674,2649,1981,6801,ON
378,2026-05-21 13:27:22.185,32.9,5.20,4.154,14208,172.33,32.84,1671,2645,1972,6836,ON
379,2026-05-21 13:27:22.685,32.9,5.19,4.135,14237,172.24,32.93,1667,2640,1968,6940,ON
380,2026-05-21 13:27:23.185,32.9,5.20,4.156,14262,172.16,33.01,1671,2645,1977,6946,ON
381,2026-05-21 13:27:23.685,32.9,5.21,4.143,14287,172.08,33.10,1671,2655,1982,6836,ON
382,2026-05-21 13:27:24.185,32.9,5.22,4.147,14312,171.99,33.19,1667,2650,1977,6844,ON
383,2026-05-21 13:27:24.685,32.9,5.21,4.159,14340,171.90,33.28,1672,2653,1979,6788,ON
384,2026-05-21 13:27:25.185,32.9,5.19,4.137,14367,171.81,33.36,1673,2651,1978,6870,ON
385,2026-05-21 13:27:25.685,32.9,5.21,4.149,14398,171.73,33.45,1674,2651,1977,6905,ON
386,2026-05-21 13:27:26.185,32.9,5.19,4.160,14420,171.64,33.53,1668,2641,1971,6791,ON
387,2026-05-21 13:27:26.685,32.9,5.19,4.145,14441,171.56,33.62,1664,2633,1965,6735,ON
388,2026-05-21 13:27:27.185,32.9,5.22,4.147,14470,171.47,33.70,1669,2641,1970,6821,ON
389,2026-05-21 13:27:27.685,32.9,5.22,4.139,14502,171.38,33.80,1665,2637,1967,6864,ON
390,2026-05-21 13:27:28.185,32.9,5.24,4.139,14533,171.30,33.87,1665,2636,1967,6858,ON
391,2026-05-21 13:27:28.685,33.0,5.24,4.143,14564,171.21,33.97,1668,2640,1970,6838,ON
392,2026-05-21 13:27:29.185,33.0,5.24,4.125,14594,171.13,34.05,1673,2644,1973,6866,ON
393,2026-05-21 13:27:29.685,33.0,5.25,4.145,14626,171.03,34.14,1675,2646,1974,6933,ON
394,2026-05-21 13:27:30.185,32.9,5.25,4.141,14656,170.95,34.22,1671,2643,1972,6884,ON
395,2026-05-21 13:27:30.685,33.0,5.26,4.141,14680,170.87,34.31,1673,2648,1975,6791,ON
396,2026-05-21 13:27:31.185,33.0,5.27,4.134,14702,170.78,34.40,1672,2645,1974,6835,ON
397,2026-05-21 13:27:31.685,33.0,5.29,4.147,14722,170.67,34.50,1669,2641,1971,6868,ON
398,2026-05-21 13:27:32.185,33.0,5.30,4.136,14754,170.58,34.59,1671,2643,1972,6860,ON
399,2026-05-21 13:27:32.685,33.0,5.31,4.132,14790,170.50,34.67,1672,2644,1973,6796,ON
400,2026-05-21 13:27:33.185,33.0,5.32,4.140,14830,170.42,34.76,1675,2648,1976,6848,ON
401,2026-05-21 13:27:33.685,33.0,5.30,4.148,14869,170.33,34.85,1672,2644,1974,6977,ON
402,2026-05-21 13:27:34.185,33.1,5.30,4.138,14912,170.24,34.93,1676,2651,1979,6936,ON
403,2026-05-21 13:27:34.685,33.1,5.32,4.131,14954,170.16,35.01,1679,2654,1981,6837,ON
404,2026-05-21 13:27:35.185,33.1,5.33,4.121,14995,170.08,35.10,1676,2650,1976,6841,ON
405,2026-05-21 13:27:35.685,33.1,5.35,4.120,15029,169.99,35.19,1672,2644,1972,6882,ON
406,2026-05-21 13:27:36.185,33.1,5.35,4.131,15059,169.90,35.28,1671,2644,1972,6862,ON
407,2026-05-21 13:27:36.685,33.1,5.35,4.124,15083,169.81,35.36,1673,2646,1974,6785,ON
408,2026-05-21 13:27:37.185,33.1,5.37,4.125,15106,169.73,35.45,1672,2644,1973,6806,ON
409,2026-05-21 13:27:37.685,33.1,5.39,4.112,15133,169.65,35.53,1672,2643,1972,6911,ON
410,2026-05-21 13:27:38.185,33.1,5.40,4.125,15156,169.56,35.62,1671,2643,1972,6855,ON
411,2026-05-21 13:27:38.685,33.1,5.40,4.122,15180,169.47,35.71,1670,2644,1973,6823,ON
412,2026-05-21 13:27:39.185,33.1,5.41,4.126,15203,169.38,35.79,1675,2647,1976,6878,ON
413,2026-05-21 13:27:39.685,33.1,5.43,4.114,15223,169.29,35.88,1676,2649,1978,6946,ON
414,2026-05-21 13:27:40.185,33.1,5.44,4.124,15255,169.20,35.97,1679,2653,1980,6948,ON
415,2026-05-21 13:27:40.685,33.1,5.45,4.113,15294,169.12,36.05,1676,2649,1977,6849,ON
416,2026-05-21 13:27:41.185,33.1,5.46,4.112,15336,169.04,36.14,1673,2645,1975,6858,ON
417,2026-05-21 13:27:41.685,33.2,5.46,4.108,15379,168.95,36.22,1681,2656,1982,6912,ON
418,2026-05-21 13:27:42.185,33.1,5.46,4.113,15421,168.86,36.31,1684,2660,1985,6918,ON
419,2026-05-21 13:27:42.685,33.2,5.45,4.116,15463,168.77,36.40,1683,2657,1983,6850,ON
420,2026-05-21 13:27:43.185,33.2,5.46,4.120,15500,168.69,36.48,1679,2651,1979,6801,ON
421,2026-05-21 13:27:43.685,33.2,5.45,4.111,15535,168.61,36.57,1679,2654,1981,6860,ON
422,2026-05-21 13:27:44.185,33.2,5.46,4.110,15561,168.52,36.66,1676,2649,1977,6960,ON
423,2026-05-21 13:27:44.685,33.2,5.47,4.107,15585,168.42,36.75,1677,2649,1974,6931,ON
424,2026-05-21 13:27:45.185,33.2,5.49,4.109,15608,168.34,36.84,1678,2648,1978,6886,ON
425,2026-05-21 13:27:45.685,33.2,5.50,4.105,15641,168.25,36.92,1681,2655,1982,6902,ON
426,2026-05-21 13:27:46.185,33.2,5.52,4.115,15678,168.17,37.01,1686,2658,1984,6952,ON
427,2026-05-21 13:27:46.685,33.2,5.52,4.089,15716,168.08,37.10,1692,2659,1984,6954,ON
428,2026-05-21 13:27:47.185,33.2,5.55,4.102,15763,167.99,37.19,1687,2663,1987,6930,ON
429,2026-05-21 13:27:47.685,33.2,5.56,4.103,15809,167.91,37.27,1681,2656,1983,6862,ON
430,2026-05-21 13:27:48.185,33.2,5.56,4.111,15858,167.81,37.36,1678,2651,1980,6859,ON
431,2026-05-21 13:27:48.685,33.2,5.58,4.095,15905,167.73,37.44,1687,2665,1989,6925,ON
432,2026-05-21 13:27:49.185,33.2,5.59,4.096,15955,167.64,37.53,1690,2667,1991,6951,ON
433,2026-05-21 13:27:49.685,33.2,5.60,4.090,16008,167.56,37.61,1687,2663,1987,6852,ON
434,2026-05-21 13:27:50.185,33.3,5.62,4.093,16061,167.47,37.70,1682,2655,1982,6810,ON
435,2026-05-21 13:27:50.685,33.3,5.63,4.092,16117,167.39,37.79,1684,2656,1983,6945,ON
436,2026-05-21 13:27:51.185,33.3,5.63,4.079,16169,167.30,37.87,1687,2662,1988,6979,ON
437,2026-05-21 13:27:51.685,33.3,5.66,4.088,16220,167.22,37.96,1688,2663,1990,6942,ON
438,2026-05-21 13:27:52.185,33.3,5.68,4.078,16271,167.12,38.05,1691,2669,1993,6901,ON
439,2026-05-21 13:27:52.685,33.3,5.69,4.084,16324,167.04,38.13,1689,2664,1990,6919,ON
440,2026-05-21 13:27:53.185,33.3,5.70,4.100,16377,166.95,38.22,1689,2663,1989,6943,ON
441,2026-05-21 13:27:53.685,33.3,5.71,4.075,16434,166.87,38.31,1682,2653,1982,6844,ON
442,2026-05-21 13:27:54.185,33.3,5.71,4.090,16490,166.78,38.39,1677,2646,1978,6831,ON
443,2026-05-21 13:27:54.685,33.3,5.70,4.080,16551,166.69,38.48,1689,2663,1989,6940,ON
444,2026-05-21 13:27:55.185,33.3,5.72,4.080,16617,166.61,38.57,1693,2669,1992,6943,ON
445,2026-05-21 13:27:55.685,33.3,5.72,4.086,16682,166.52,38.65,1691,2666,1991,6859,ON
446,2026-05-21 13:27:56.185,33.4,5.71,4.067,16746,166.43,38.74,1685,2658,1986,6843,ON
447,2026-05-21 13:27:56.685,33.4,5.75,4.053,16807,166.35,38.83,1689,2664,1990,6980,ON
448,2026-05-21 13:27:57.185,33.4,5.77,4.073,16872,166.26,38.91,1695,2672,1996,7016,ON
449,2026-05-21 13:27:57.685,33.4,5.78,4.059,16933,166.18,39.00,1692,2667,1993,6924,ON
450,2026-05-21 13:27:58.185,33.4,5.81,4.055,16993,166.08,39.09,1691,2666,1992,6862,ON
451,2026-05-21 13:27:58.685,33.4,5.83,4.059,17051,166.00,39.17,1686,2657,1986,6877,ON
452,2026-05-21 13:27:59.185,33.4,5.85,4.047,17109,165.90,39.27,1683,2652,1982,6939,ON
453,2026-05-21 13:27:59.685,33.4,5.86,4.062,17167,165.81,39.36,1684,2655,1985,6893,ON
454,2026-05-21 13:28:00.185,33.4,5.88,4.052,17225,165.73,39.44,1684,2654,1985,6840,ON
455,2026-05-21 13:28:00.685,33.4,5.90,4.075,17277,165.63,39.54,1688,2658,1988,6867,ON
456,2026-05-21 13:28:01.185,33.4,5.89,4.046,17328,165.55,39.62,1684,2650,1983,6913,ON
457,2026-05-21 13:28:01.685,33.4,5.89,4.061,17371,165.46,39.71,1682,2650,1983,6913,ON
458,2026-05-21 13:28:02.185,33.4,5.89,4.051,17411,165.38,39.79,1685,2655,1987,6905,ON
459,2026-05-21 13:28:02.685,33.4,5.91,4.064,17446,165.29,39.88,1689,2661,1991,6924,ON
460,2026-05-21 13:28:03.185,33.4,5.92,4.054,17483,165.21,39.97,1691,2662,1992,6958,ON
461,2026-05-21 13:28:03.685,33.4,5.93,4.055,17520,165.12,40.05,1686,2653,1985,6879,ON
462,2026-05-21 13:28:04.185,33.4,5.95,4.052,17556,165.03,40.14,1684,2650,1982,6820,ON
463,2026-05-21 13:28:04.685,33.4,5.95,4.053,17590,164.95,40.23,1683,2643,1978,6869,ON
464,2026-05-21 13:28:05.185,33.5,5.96,4.044,17628,164.86,40.31,1689,2641,1979,6912,ON
465,2026-05-21 13:28:05.685,33.5,5.97,4.059,17663,164.77,40.40,1691,2645,1983,6870,ON
466,2026-05-21 13:28:06.185,33.5,5.99,4.038,17699,164.70,40.48,1686,2642,1981,6780,ON
467,2026-05-21 13:28:06.685,33.5,6.02,4.031,17732,164.60,40.58,1677,2633,1974,6800,ON
468,2026-05-21 13:28:07.185,33.5,6.04,4.033,17764,164.51,40.67,1676,2633,1973,6786,ON
469,2026-05-21 13:28:07.685,33.5,6.08,4.016,17792,164.43,40.74,1676,2631,1973,6891,ON
470,2026-05-21 13:28:08.185,33.5,6.12,4.027,17823,164.34,40.84,1679,2636,1977,7000,ON
471,2026-05-21 13:28:08.685,33.6,6.13,4.026,17848,164.26,40.92,1682,2639,1980,6891,ON
472,2026-05-21 13:28:09.185,33.5,6.15,4.018,17873,164.16,41.01,1685,2642,1984,6842,ON
473,2026-05-21 13:28:09.685,33.5,6.17,4.016,17899,164.08,41.09,1686,2641,1983,6925,ON
474,2026-05-21 13:28:10.185,33.5,6.19,4.017,17921,163.99,41.18,1688,2643,1984,6898,ON
475,2026-05-21 13:28:10.685,33.6,6.20,4.026,17947,163.91,41.26,1680,2633,1977,6809,ON
476,2026-05-21 13:28:11.185,33.6,6.19,4.024,17974,163.82,41.36,1675,2629,1974,6836,ON
477,2026-05-21 13:28:11.685,33.6,6.19,4.012,17993,163.73,41.44,1682,2632,1980,6844,ON
478,2026-05-21 13:28:12.185,33.6,6.23,4.002,18008,163.64,41.53,1683,2625,1980,6881,ON
479,2026-05-21 13:28:12.685,33.6,6.26,3.993,18023,163.56,41.61,1683,2629,1981,6767,ON
480,2026-05-21 13:28:13.185,33.6,6.27,4.018,18044,163.47,41.71,1677,2618,1973,6728,ON
481,2026-05-21 13:28:13.685,33.6,6.28,3.990,18069,163.39,41.79,1678,2619,1974,6869,ON
482,2026-05-21 13:28:14.185,33.6,6.34,3.980,18099,163.30,41.88,1681,2623,1978,6947,ON
483,2026-05-21 13:28:14.685,33.6,6.40,3.982,18129,163.22,41.96,1683,2625,1981,6902,ON
484,2026-05-21 13:28:15.185,33.6,6.43,3.982,18156,163.13,42.05,1689,2634,1987,6808,ON
485,2026-05-21 13:28:15.685,33.6,6.45,3.988,18185,163.04,42.13,1685,2622,1982,6821,ON
486,2026-05-21 13:28:16.185,33.6,6.48,3.977,18209,162.96,42.22,1682,2613,1979,6850,ON
487,2026-05-21 13:28:16.685,33.6,6.51,3.971,18229,162.87,42.31,1679,2605,1976,6812,ON
488,2026-05-21 13:28:17.185,33.6,6.53,3.965,18250,162.78,42.39,1679,2601,1976,6757,ON
489,2026-05-21 13:28:17.685,33.6,6.54,3.973,18272,162.70,42.48,1680,2593,1975,6774,ON
490,2026-05-21 13:28:18.185,33.6,6.56,3.941,18288,162.60,42.57,1677,2580,1970,6748,ON
491,2026-05-21 13:28:18.685,33.6,6.61,3.958,18308,162.52,42.65,1669,2561,1962,6704,ON
492,2026-05-21 13:28:19.185,33.7,6.63,3.950,18326,162.44,42.74,1666,2553,1959,6717,ON
493,2026-05-21 13:28:19.685,33.7,6.66,3.942,18343,162.35,42.83,1665,2538,1957,6604,ON
494,2026-05-21 13:28:20.185,33.7,6.70,3.935,18359,162.27,42.91,1658,2491,1950,6541,ON
495,2026-05-21 13:28:20.685,33.7,6.76,3.918,18372,162.17,43.00,1638,2444,1929,6371,ON
496,2026-05-21 13:28:21.185,33.7,6.83,3.910,18389,162.09,43.09,1624,2383,1912,6191,ON
497,2026-05-21 13:28:21.685,33.7,6.92,3.869,18412,162.00,43.17,1614,2334,1900,6280,ON
498,2026-05-21 13:28:22.185,33.7,7.05,3.838,18428,161.90,43.27,1608,2300,1890,5956,ON
499,2026-05-21 13:28:22.685,33.7,7.20,3.823,18438,161.82,43.36,1572,2135,1841,5435,ON
500,2026-05-21 13:28:23.185,33.7,7.33,3.806,18441,161.73,43.45,1521,1925,1780,4988,ON
501,2026-05-21 13:28:23.685,33.7,7.49,3.740,18437,161.64,43.53,1470,1713,1715,4621,ON
502,2026-05-21 13:28:24.185,33.7,7.96,3.665,18425,161.55,43.62,1416,1528,1649,4466,ON
503,2026-05-21 13:28:24.685,33.7,8.62,3.631,18406,161.47,43.70,1381,1383,1604,4398,ON
504,2026-05-21 13:28:25.185,33.7,8.80,3.579,18384,161.39,43.79,1353,1288,1569,4299,ON
505,2026-05-21 13:28:25.685,33.7,9.04,3.549,18366,161.30,43.88,1336,1224,1545,4177,ON
506,2026-05-21 13:28:26.185,33.7,9.39,3.445,18351,161.21,43.96,1320,1179,1524,4197,ON
507,2026-05-21 13:28:26.685,33.7,9.85,3.388,18343,161.13,44.05,1313,1157,1514,4206,ON
508,2026-05-21 13:28:27.185,33.7,10.23,3.356,18347,161.04,44.14,1304,1140,1506,4176,ON
509,2026-05-21 13:28:27.685,33.7,10.46,3.320,18371,160.95,44.22,1302,1133,1504,4153,ON
510,2026-05-21 13:28:28.185,33.7,10.62,3.316,18404,160.86,44.32,1306,1133,1508,4175,ON
511,2026-05-21 13:28:28.685,33.8,10.70,3.309,18446,160.78,44.39,1304,1128,1505,4198,ON
512,2026-05-21 13:28:29.185,33.8,10.77,3.300,18512,160.69,44.49,1301,1124,1503,4169,ON
513,2026-05-21 13:28:29.685,33.8,10.83,3.299,18602,160.61,44.56,1301,1123,1502,4172,ON
514,2026-05-21 13:28:30.185,33.8,10.89,3.285,18713,160.52,44.65,1306,1127,1507,4214,ON
515,2026-05-21 13:28:30.685,33.8,10.95,3.276,18854,160.43,44.74,1310,1130,1512,4235,ON
516,2026-05-21 13:28:31.185,33.8,11.00,3.253,19037,160.35,44.82,1303,1124,1504,4160,ON
517,2026-05-21 13:28:31.685,33.8,11.11,3.241,19252,160.27,44.91,1300,1121,1501,4114,ON
518,2026-05-21 13:28:32.185,33.8,11.15,3.242,19457,160.17,45.00,1305,1126,1507,4196,ON
519,2026-05-21 13:28:32.685,33.8,11.19,3.228,19639,160.09,45.09,1307,1128,1509,4241,ON
520,2026-05-21 13:28:33.185,33.8,11.23,3.215,19790,160.00,45.17,1305,1123,1506,4148,ON
521,2026-05-21 13:28:33.685,33.8,11.29,3.214,19912,159.92,45.26,1301,1120,1514,4113,ON
522,2026-05-21 13:28:34.185,33.8,11.33,3.207,20007,159.83,45.35,1300,1120,1506,4195,ON
523,2026-05-21 13:28:34.685,33.8,11.37,3.200,20092,159.74,45.43,1303,1123,1506,4240,ON
524,2026-05-21 13:28:35.185,33.8,11.40,3.209,20171,159.66,45.52,1303,1124,1505,4179,ON
525,2026-05-21 13:28:35.685,33.8,11.41,3.205,20264,159.57,45.60,1303,1125,1505,4182,ON
526,2026-05-21 13:28:36.185,33.8,11.43,3.194,20370,159.49,45.69,1304,1126,1508,4226,ON
527,2026-05-21 13:28:36.685,33.8,11.44,3.198,20465,159.40,45.78,1305,1126,1509,4187,ON
528,2026-05-21 13:28:37.185,33.8,11.46,3.197,20551,159.31,45.87,1306,1127,1508,4125,ON
529,2026-05-21 13:28:37.685,33.8,11.49,3.177,20635,159.22,45.95,1304,1126,1505,4162,ON
530,2026-05-21 13:28:38.185,33.8,11.53,3.189,20718,159.13,46.05,1302,1126,1504,4243,ON
531,2026-05-21 13:28:38.685,33.8,11.54,3.194,20794,159.05,46.12,1306,1130,1509,4196,ON
532,2026-05-21 13:28:39.185,33.8,11.53,3.198,20861,158.97,46.21,1310,1133,1512,4223,ON
533,2026-05-21 13:28:39.685,33.8,11.52,3.197,20920,158.88,46.29,1311,1135,1513,4150,ON
534,2026-05-21 13:28:40.185,33.8,11.55,3.180,20989,158.79,46.39,1306,1131,1508,4143,ON
535,2026-05-21 13:28:40.685,33.8,11.57,3.177,21067,158.71,46.47,1303,1127,1503,4200,ON
536,2026-05-21 13:28:41.185,33.8,11.59,3.185,21148,158.62,46.56,1304,1129,1504,4220,ON
537,2026-05-21 13:28:41.685,33.8,11.60,3.172,21225,158.53,46.64,1309,1134,1510,4174,ON
538,2026-05-21 13:28:42.185,33.8,11.62,3.174,21305,158.45,46.73,1310,1135,1511,4198,ON
539,2026-05-21 13:28:42.685,33.8,11.63,3.174,21381,158.36,46.81,1308,1134,1510,4241,ON
540,2026-05-21 13:28:43.185,33.8,11.65,3.168,21456,158.27,46.90,1308,1133,1509,4203,ON
541,2026-05-21 13:28:43.685,33.8,11.66,3.168,21532,158.18,46.99,1309,1134,1509,4131,ON
542,2026-05-21 13:28:44.185,33.8,11.67,3.181,21596,158.10,47.08,1308,1133,1508,4184,ON
543,2026-05-21 13:28:44.685,33.8,11.66,3.166,21658,158.01,47.17,1309,1135,1511,4248,ON
544,2026-05-21 13:28:45.185,33.8,11.67,3.174,21725,157.91,47.27,1311,1138,1512,4220,ON
545,2026-05-21 13:28:45.685,33.8,11.67,3.171,21798,157.82,47.36,1312,1139,1513,4138,ON
546,2026-05-21 13:28:46.185,33.8,11.68,3.162,21865,157.74,47.43,1311,1138,1511,4184,ON
547,2026-05-21 13:28:46.685,33.8,11.69,3.167,21924,157.65,47.53,1307,1135,1508,4253,ON
548,2026-05-21 13:28:47.185,33.8,11.69,3.159,21987,157.57,47.61,1309,1138,1511,4252,ON
549,2026-05-21 13:28:47.685,33.8,11.70,3.156,22048,157.48,47.70,1315,1144,1517,4187,ON
550,2026-05-21 13:28:48.185,33.8,11.71,3.173,22108,157.38,47.79,1315,1144,1516,4227,ON
551,2026-05-21 13:28:48.685,33.8,11.70,3.169,22164,157.30,47.87,1314,1144,1516,4243,ON
552,2026-05-21 13:28:49.185,33.8,11.71,3.157,22218,157.22,47.96,1306,1137,1507,4179,ON
553,2026-05-21 13:28:49.685,33.8,11.71,3.170,22279,157.13,48.05,1303,1134,1504,4185,ON
554,2026-05-21 13:28:50.185,33.8,11.72,3.142,22358,157.05,48.13,1311,1142,1513,4240,ON
555,2026-05-21 13:28:50.685,33.8,11.73,3.162,22442,156.95,48.22,1315,1147,1517,4246,ON
556,2026-05-21 13:28:51.185,33.8,11.73,3.163,22520,156.87,48.30,1310,1144,1512,4208,ON
557,2026-05-21 13:28:51.685,33.8,11.73,3.146,22596,156.78,48.39,1310,1143,1511,4184,ON
558,2026-05-21 13:28:52.185,33.8,11.74,3.152,22661,156.69,48.48,1312,1145,1513,4242,ON
559,2026-05-21 13:28:52.685,33.8,11.75,3.154,22717,156.61,48.56,1314,1149,1517,4278,ON
560,2026-05-21 13:28:53.185,33.8,11.76,3.141,22767,156.53,48.65,1314,1149,1516,4248,ON
561,2026-05-21 13:28:53.685,33.8,11.77,3.154,22830,156.44,48.73,1313,1148,1514,4190,ON
562,2026-05-21 13:28:54.185,33.8,11.77,3.165,22892,156.35,48.83,1309,1145,1510,4177,ON
563,2026-05-21 13:28:54.685,33.8,11.77,3.139,22959,156.27,48.91,1303,1140,1505,4196,ON
564,2026-05-21 13:28:55.185,33.8,11.80,3.138,23036,156.18,49.00,1304,1141,1506,4253,ON
565,2026-05-21 13:28:55.685,33.8,11.82,3.152,23099,156.09,49.08,1310,1148,1513,4252,ON
566,2026-05-21 13:28:56.185,33.8,11.80,3.162,23158,156.01,49.17,1314,1152,1517,4212,ON
567,2026-05-21 13:28:56.685,33.8,11.81,3.140,23209,155.92,49.25,1313,1152,1517,4198,ON
568,2026-05-21 13:28:57.185,33.8,11.83,3.139,23271,155.83,49.34,1310,1150,1513,4242,ON
569,2026-05-21 13:28:57.685,33.8,11.85,3.152,23337,155.75,49.43,1311,1151,1513,4256,ON
570,2026-05-21 13:28:58.185,33.8,11.83,3.136,23406,155.66,49.51,1313,1153,1515,4207,ON
571,2026-05-21 13:28:58.685,33.8,11.85,3.141,23470,155.57,49.60,1314,1154,1516,4241,ON
572,2026-05-21 13:28:59.185,33.8,11.85,3.153,23529,155.48,49.69,1314,1155,1516,4318,ON
573,2026-05-21 13:28:59.685,33.8,11.85,3.141,23590,155.40,49.77,1315,1157,1518,4265,ON
574,2026-05-21 13:29:00.185,33.8,11.85,3.144,23653,155.31,49.87,1317,1160,1520,4202,ON
575,2026-05-21 13:29:00.685,33.8,11.85,3.144,23721,155.22,49.95,1315,1158,1518,4223,ON
576,2026-05-21 13:29:01.185,33.8,11.85,3.148,23792,155.14,50.04,1311,1155,1514,4259,ON
577,2026-05-21 13:29:01.685,33.8,11.84,3.144,23852,155.05,50.13,1314,1158,1517,4275,ON
578,2026-05-21 13:29:02.185,33.8,11.84,3.155,23919,154.96,50.21,1318,1163,1523,4226,ON
579,2026-05-21 13:29:02.685,33.8,11.84,3.145,23984,154.87,50.30,1319,1165,1523,4240,ON
580,2026-05-21 13:29:03.185,33.8,11.84,3.139,24051,154.79,50.38,1316,1162,1518,4285,ON
581,2026-05-21 13:29:03.685,33.8,11.85,3.153,24127,154.70,50.47,1313,1160,1516,4248,ON
582,2026-05-21 13:29:04.185,33.8,11.86,3.140,24207,154.61,50.56,1313,1161,1517,4247,ON
583,2026-05-21 13:29:04.685,33.8,11.86,3.139,24278,154.53,50.64,1318,1166,1522,4300,ON
584,2026-05-21 13:29:05.185,33.8,11.86,3.137,24338,154.44,50.73,1322,1171,1526,4314,ON
585,2026-05-21 13:29:05.685,33.8,11.87,3.139,24401,154.34,50.84,1319,1169,1523,4274,ON
586,2026-05-21 13:29:06.185,33.8,11.87,3.141,24466,154.25,50.92,1319,1171,1524,4231,ON
587,2026-05-21 13:29:06.685,33.8,11.88,3.139,24537,154.17,51.01,1317,1169,1521,4266,ON
588,2026-05-21 13:29:07.185,33.8,11.88,3.125,24602,154.08,51.10,1317,1169,1521,4293,ON
589,2026-05-21 13:29:07.685,33.8,11.89,3.132,24665,153.99,51.18,1317,1170,1520,4271,ON
590,2026-05-21 13:29:08.185,33.8,11.90,3.132,24730,153.91,51.26,1317,1171,1516,4224,ON
591,2026-05-21 13:29:08.685,33.8,11.90,3.139,24795,153.82,51.35,1315,1171,1513,4227,ON
592,2026-05-21 13:29:09.185,33.8,11.89,3.129,24849,153.73,51.44,1318,1174,1519,4261,ON
593,2026-05-21 13:29:09.685,33.8,11.88,3.139,24909,153.65,51.53,1317,1175,1520,4293,ON
594,2026-05-21 13:29:10.185,33.8,11.88,3.140,24963,153.56,51.62,1316,1175,1520,4270,ON
595,2026-05-21 13:29:10.685,33.8,11.88,3.129,25025,153.48,51.70,1317,1175,1520,4227,ON
596,2026-05-21 13:29:11.185,33.8,11.90,3.126,25094,153.39,51.78,1321,1180,1525,4307,ON
597,2026-05-21 13:29:11.685,33.8,11.92,3.131,25167,153.29,51.88,1323,1183,1530,4355,ON
598,2026-05-21 13:29:12.185,33.8,11.92,3.128,25240,153.22,51.96,1322,1183,1528,4298,ON
599,2026-05-21 13:29:12.685,33.8,11.93,3.136,25321,153.13,52.04,1323,1184,1528,4227,ON
600,2026-05-21 13:29:13.185,33.8,11.93,3.126,25386,153.04,52.13,1318,1180,1524,4251,ON
601,2026-05-21 13:29:13.685,33.8,11.92,3.134,25447,152.96,52.22,1318,1181,1525,4327,ON
602,2026-05-21 13:29:14.185,33.8,11.91,3.134,25503,152.87,52.30,1321,1185,1528,4314,ON
603,2026-05-21 13:29:14.685,33.8,11.92,3.129,25556,152.78,52.39,1325,1188,1531,4236,ON
604,2026-05-21 13:29:15.185,33.8,11.92,3.135,25601,152.70,52.48,1322,1188,1528,4267,ON
605,2026-05-21 13:29:15.685,33.8,11.91,3.127,25659,152.61,52.56,1318,1184,1522,4311,ON
606,2026-05-21 13:29:16.185,33.8,11.93,3.129,25731,152.52,52.66,1319,1185,1524,4335,ON
607,2026-05-21 13:29:16.685,33.8,11.94,3.127,25804,152.43,52.74,1324,1190,1530,4266,ON
608,2026-05-21 13:29:17.185,33.8,11.93,3.134,25877,152.34,52.83,1324,1192,1529,4298,ON
609,2026-05-21 13:29:17.685,33.8,11.94,3.121,25944,152.26,52.91,1322,1192,1528,4342,ON
610,2026-05-21 13:29:18.185,33.8,11.95,3.127,26005,152.18,52.99,1323,1192,1527,4321,ON
611,2026-05-21 13:29:18.685,33.8,11.95,3.133,26061,152.09,53.09,1325,1194,1531,4283,ON
612,2026-05-21 13:29:19.185,33.8,11.97,3.124,26109,152.00,53.17,1325,1196,1531,4306,ON
613,2026-05-21 13:29:19.685,33.8,11.98,3.119,26153,151.92,53.26,1323,1197,1531,4334,ON
614,2026-05-21 13:29:20.185,33.8,11.99,3.116,26200,151.83,53.35,1324,1199,1532,4322,ON
615,2026-05-21 13:29:20.685,33.8,11.98,3.123,26266,151.74,53.43,1322,1196,1528,4279,ON
616,2026-05-21 13:29:21.185,33.8,11.98,3.126,26346,151.66,53.52,1319,1195,1525,4307,ON
617,2026-05-21 13:29:21.685,33.8,11.99,3.108,26419,151.58,53.60,1319,1196,1526,4290,ON
618,2026-05-21 13:29:22.185,33.8,11.99,3.123,26478,151.49,53.69,1327,1203,1534,4358,ON
619,2026-05-21 13:29:22.685,33.8,11.99,3.109,26530,151.40,53.78,1330,1208,1539,4365,ON
620,2026-05-21 13:29:23.185,33.8,12.02,3.111,26586,151.31,53.86,1326,1206,1535,4333,ON
621,2026-05-21 13:29:23.685,33.8,12.03,3.111,26639,151.23,53.94,1326,1208,1535,4282,ON
622,2026-05-21 13:29:24.185,33.8,12.03,3.114,26702,151.14,54.04,1327,1207,1534,4341,ON
623,2026-05-21 13:29:24.685,33.8,12.02,3.119,26764,151.05,54.12,1327,1208,1535,4389,ON
624,2026-05-21 13:29:25.185,33.8,12.01,3.116,26828,150.96,54.21,1326,1209,1534,4339,ON
625,2026-05-21 13:29:25.685,33.8,11.99,3.128,26892,150.88,54.29,1327,1210,1535,4286,ON
626,2026-05-21 13:29:26.185,33.8,11.97,3.131,26966,150.78,54.39,1329,1214,1538,4343,ON
627,2026-05-21 13:29:26.685,33.8,11.95,3.133,27036,150.69,54.49,1328,1213,1537,4382,ON
628,2026-05-21 13:29:27.185,33.8,11.94,3.134,27099,150.60,54.58,1328,1214,1537,4356,ON
629,2026-05-21 13:29:27.685,33.8,11.95,3.117,27163,150.51,54.66,1329,1216,1538,4338,ON
630,2026-05-21 13:29:28.185,33.8,11.97,3.111,27223,150.44,54.74,1334,1223,1544,4385,ON
631,2026-05-21 13:29:28.685,33.8,11.99,3.111,27269,150.34,54.84,1335,1226,1547,4440,ON
632,2026-05-21 13:29:29.185,33.8,11.99,3.128,27318,150.26,54.91,1334,1225,1545,4393,ON
633,2026-05-21 13:29:29.685,33.8,11.98,3.127,27368,150.17,55.01,1336,1228,1547,4321,ON
634,2026-05-21 13:29:30.185,33.8,11.97,3.106,27430,150.09,55.09,1335,1228,1545,4359,ON
635,2026-05-21 13:29:30.685,33.8,11.98,3.115,27493,149.99,55.18,1332,1226,1542,4420,ON
636,2026-05-21 13:29:31.185,33.8,11.99,3.122,27564,149.91,55.27,1331,1226,1542,4371,ON
637,2026-05-21 13:29:31.685,33.8,12.00,3.113,27648,149.82,55.35,1332,1226,1542,4313,ON
638,2026-05-21 13:29:32.185,33.8,12.00,3.121,27726,149.74,55.44,1332,1228,1543,4358,ON
639,2026-05-21 13:29:32.685,33.8,12.00,3.104,27783,149.65,55.53,1329,1228,1541,4412,ON
640,2026-05-21 13:29:33.185,33.8,12.01,3.114,27833,149.56,55.62,1331,1230,1543,4392,ON
641,2026-05-21 13:29:33.685,33.8,12.02,3.115,27881,149.47,55.70,1334,1233,1545,4345,ON
642,2026-05-21 13:29:34.185,33.8,12.01,3.108,27930,149.38,55.79,1336,1237,1548,4400,ON
643,2026-05-21 13:29:34.685,33.8,12.03,3.131,27988,149.31,55.87,1336,1237,1551,4425,ON
644,2026-05-21 13:29:35.185,33.8,12.02,3.132,28061,149.21,55.96,1339,1238,1550,4431,ON
645,2026-05-21 13:29:35.685,33.8,12.00,3.102,28136,149.12,56.05,1341,1243,1552,4440,ON
646,2026-05-21 13:29:36.185,33.8,11.98,3.127,28204,149.04,56.13,1337,1240,1548,4380,ON
647,2026-05-21 13:29:36.685,33.8,11.99,3.115,28260,148.95,56.22,1334,1239,1545,4364,ON
648,2026-05-21 13:29:37.185,33.8,12.00,3.106,28305,148.86,56.32,1337,1244,1549,4438,ON
649,2026-05-21 13:29:37.685,33.8,12.02,3.114,28345,148.77,56.40,1341,1248,1552,4431,ON
650,2026-05-21 13:29:38.185,33.8,12.02,3.117,28391,148.69,56.48,1339,1249,1551,4372,ON
651,2026-05-21 13:29:38.685,33.8,12.02,3.114,28445,148.60,56.58,1336,1247,1549,4391,ON
652,2026-05-21 13:29:39.185,33.8,12.02,3.113,28505,148.51,56.66,1338,1250,1552,4466,ON
653,2026-05-21 13:29:39.685,33.8,12.03,3.102,28565,148.43,56.75,1343,1255,1557,4477,ON
654,2026-05-21 13:29:40.185,33.8,12.06,3.120,28627,148.34,56.84,1342,1256,1555,4407,ON
655,2026-05-21 13:29:40.685,33.8,12.05,3.105,28686,148.25,56.93,1341,1257,1555,4432,ON
656,2026-05-21 13:29:41.185,33.8,12.07,3.107,28735,148.17,57.01,1341,1259,1556,4482,ON
657,2026-05-21 13:29:41.685,33.8,12.07,3.109,28775,148.08,57.10,1344,1262,1558,4460,ON
658,2026-05-21 13:29:42.185,33.8,12.06,3.118,28816,147.99,57.18,1341,1259,1555,4406,ON
659,2026-05-21 13:29:42.685,33.8,12.05,3.113,28858,147.90,57.27,1338,1257,1552,4405,ON
660,2026-05-21 13:29:43.185,33.8,12.05,3.102,28906,147.81,57.36,1344,1266,1559,4473,ON
661,2026-05-21 13:29:43.685,33.8,12.05,3.110,28963,147.73,57.45,1348,1270,1563,4473,ON
662,2026-05-21 13:29:44.185,33.7,12.04,3.113,29026,147.64,57.54,1344,1267,1558,4420,ON
663,2026-05-21 13:29:44.685,33.7,12.03,3.111,29075,147.56,57.62,1341,1265,1556,4432,ON
664,2026-05-21 13:29:45.185,33.7,12.03,3.114,29121,147.47,57.71,1345,1271,1561,4497,ON
665,2026-05-21 13:29:45.685,33.7,12.04,3.101,29178,147.38,57.80,1350,1276,1565,4496,ON
666,2026-05-21 13:29:46.185,33.7,12.06,3.097,29235,147.29,57.88,1349,1277,1564,4429,ON
667,2026-05-21 13:29:46.685,33.7,12.07,3.119,29293,147.19,57.99,1345,1273,1560,4421,ON
668,2026-05-21 13:29:47.185,33.7,12.04,3.120,29357,147.10,58.07,1347,1272,1558,4482,ON
669,2026-05-21 13:29:47.685,33.7,12.03,3.116,29413,147.02,58.16,1350,1268,1553,4508,ON
670,2026-05-21 13:29:48.185,33.7,12.03,3.112,29469,146.93,58.24,1346,1273,1556,4457,ON
671,2026-05-21 13:29:48.685,33.7,12.03,3.107,29538,146.84,58.33,1345,1275,1557,4428,ON
672,2026-05-21 13:29:49.185,33.7,12.04,3.123,29608,146.76,58.42,1345,1278,1559,4504,ON
673,2026-05-21 13:29:49.685,33.7,12.04,3.118,29669,146.67,58.50,1348,1283,1564,4474,ON
674,2026-05-21 13:29:50.185,33.7,12.05,3.096,29729,146.58,58.59,1348,1283,1563,4538,ON
675,2026-05-21 13:29:50.685,33.7,12.06,3.104,29789,146.49,58.68,1349,1287,1567,4521,ON
676,2026-05-21 13:29:51.185,33.7,12.07,3.108,29849,146.40,58.77,1354,1294,1573,4467,ON
677,2026-05-21 13:29:51.685,33.7,12.08,3.091,29902,146.32,58.85,1354,1295,1572,4487,ON
678,2026-05-21 13:29:52.185,33.7,12.09,3.105,29952,146.22,58.95,1351,1293,1568,4543,ON
679,2026-05-21 13:29:52.685,33.7,12.09,3.110,30002,146.15,59.03,1350,1292,1567,4505,ON
680,2026-05-21 13:29:53.185,33.7,12.08,3.121,30065,146.06,59.12,1352,1295,1569,4463,ON
681,2026-05-21 13:29:53.685,33.7,12.04,3.109,30116,145.97,59.20,1356,1300,1573,4519,ON
682,2026-05-21 13:29:54.185,33.7,12.05,3.105,30165,145.88,59.29,1356,1302,1574,4559,ON
683,2026-05-21 13:29:54.685,33.7,12.05,3.111,30224,145.80,59.38,1353,1302,1572,4498,ON
684,2026-05-21 13:29:55.185,33.7,12.05,3.115,30279,145.71,59.46,1352,1301,1570,4490,ON
685,2026-05-21 13:29:55.685,33.7,12.06,3.097,30317,145.62,59.55,1359,1310,1579,4560,ON
686,2026-05-21 13:29:56.185,33.7,12.06,3.115,30359,145.54,59.64,1362,1314,1583,4604,ON
687,2026-05-21 13:29:56.685,33.7,12.05,3.101,30409,145.45,59.73,1358,1312,1578,4522,ON
688,2026-05-21 13:29:57.185,33.7,12.06,3.123,30479,145.35,59.82,1356,1311,1576,4514,ON
689,2026-05-21 13:29:57.685,33.7,12.06,3.100,30541,145.27,59.90,1357,1314,1577,4581,ON
690,2026-05-21 13:29:58.185,33.7,12.07,3.107,30607,145.18,60.00,1361,1319,1582,4598,ON
691,2026-05-21 13:29:58.685,33.7,12.07,3.117,30668,145.09,60.08,1362,1322,1583,4505,ON
692,2026-05-21 13:29:59.185,33.7,12.05,3.125,30736,145.01,60.17,1357,1318,1579,4500,ON
693,2026-05-21 13:29:59.685,33.7,12.05,3.099,30788,144.92,60.26,1362,1325,1584,4583,ON
694,2026-05-21 13:30:00.185,33.7,12.08,3.097,30839,144.83,60.34,1365,1328,1586,4574,ON
695,2026-05-21 13:30:00.685,33.7,12.09,3.108,30895,144.75,60.43,1359,1325,1581,4546,ON
696,2026-05-21 13:30:01.185,33.7,12.09,3.097,30953,144.66,60.52,1357,1325,1580,4543,ON
697,2026-05-21 13:30:01.685,33.7,12.12,3.089,31020,144.57,60.60,1356,1327,1581,4524,ON
698,2026-05-21 13:30:02.185,33.7,12.13,3.101,31085,144.48,60.69,1362,1332,1585,4596,ON
699,2026-05-21 13:30:02.685,33.7,12.13,3.098,31150,144.40,60.78,1365,1335,1587,4632,ON
700,2026-05-21 13:30:03.185,33.7,12.13,3.090,31208,144.31,60.86,1362,1335,1585,4568,ON
701,2026-05-21 13:30:03.685,33.7,12.13,3.100,31273,144.22,60.95,1361,1334,1583,4547,ON
702,2026-05-21 13:30:04.185,33.7,12.12,3.093,31338,144.14,61.04,1363,1337,1584,4604,ON
703,2026-05-21 13:30:04.685,33.7,12.11,3.100,31377,144.05,61.13,1366,1341,1587,4625,ON
704,2026-05-21 13:30:05.185,33.7,12.11,3.100,31413,143.96,61.22,1363,1339,1585,4556,ON
705,2026-05-21 13:30:05.685,33.7,12.13,3.078,31443,143.87,61.30,1361,1337,1583,4557,ON
706,2026-05-21 13:30:06.185,33.7,12.13,3.101,31478,143.77,61.40,1368,1347,1590,4619,ON
707,2026-05-21 13:30:06.685,33.7,12.13,3.090,31533,143.69,61.49,1370,1351,1593,4634,ON
708,2026-05-21 13:30:07.185,33.7,12.13,3.107,31591,143.60,61.57,1367,1349,1590,4598,ON
709,2026-05-21 13:30:07.685,33.7,12.11,3.108,31652,143.51,61.66,1366,1349,1590,4578,ON
710,2026-05-21 13:30:08.185,33.7,12.12,3.094,31702,143.42,61.76,1370,1354,1593,4645,ON
711,2026-05-21 13:30:08.685,33.7,12.14,3.088,31757,143.33,61.84,1373,1359,1596,4641,ON
712,2026-05-21 13:30:09.185,33.7,12.13,3.107,31804,143.25,61.92,1368,1356,1591,4603,ON
713,2026-05-21 13:30:09.685,33.7,12.13,3.095,31850,143.16,62.02,1365,1355,1589,4578,ON
714,2026-05-21 13:30:10.185,33.7,12.13,3.099,31902,143.08,62.10,1371,1362,1595,4653,ON
715,2026-05-21 13:30:10.685,33.7,12.13,3.099,31957,142.99,62.19,1375,1366,1599,4688,ON
716,2026-05-21 13:30:11.185,33.7,12.13,3.094,32002,142.90,62.28,1373,1367,1596,4597,ON
717,2026-05-21 13:30:11.685,33.7,12.12,3.098,32056,142.81,62.36,1369,1364,1592,4599,ON
718,2026-05-21 13:30:12.185,33.7,12.13,3.100,32102,142.73,62.45,1371,1368,1593,4671,ON
719,2026-05-21 13:30:12.685,33.7,12.12,3.102,32148,142.64,62.54,1375,1373,1597,4692,ON
720,2026-05-21 13:30:13.185,33.7,12.12,3.105,32190,142.55,62.62,1374,1374,1597,4634,ON
721,2026-05-21 13:30:13.685,33.7,12.11,3.102,32235,142.47,62.71,1372,1373,1596,4630,ON
722,2026-05-21 13:30:14.185,33.7,12.10,3.107,32276,142.38,62.80,1373,1375,1598,4701,ON
723,2026-05-21 13:30:14.685,33.7,12.11,3.098,32334,142.29,62.89,1377,1380,1602,4690,ON
724,2026-05-21 13:30:15.185,33.7,12.11,3.102,32402,142.20,62.97,1376,1380,1599,4615,ON
725,2026-05-21 13:30:15.685,33.7,12.12,3.094,32475,142.12,63.05,1373,1378,1597,4634,ON
726,2026-05-21 13:30:16.185,33.7,12.12,3.098,32540,142.03,63.15,1374,1388,1605,4701,ON
727,2026-05-21 13:30:16.685,33.7,12.11,3.104,32593,141.95,63.23,1380,1394,1610,4688,ON
728,2026-05-21 13:30:17.185,33.7,12.11,3.088,32644,141.86,63.32,1382,1398,1612,4712,ON
729,2026-05-21 13:30:17.685,33.7,12.13,3.092,32689,141.76,63.41,1377,1394,1606,4660,ON
730,2026-05-21 13:30:18.185,33.7,12.14,3.089,32723,141.68,63.49,1375,1391,1602,4724,ON
731,2026-05-21 13:30:18.685,33.7,12.15,3.086,32777,141.59,63.59,1370,1396,1606,4713,ON
732,2026-05-21 13:30:19.185,33.7,12.16,3.081,32844,141.50,63.67,1375,1400,1609,4737,ON
733,2026-05-21 13:30:19.685,33.7,12.14,3.101,32904,141.41,63.76,1376,1399,1606,4687,ON
734,2026-05-21 13:30:20.185,33.7,12.14,3.095,32962,141.33,63.85,1376,1399,1605,4679,ON
735,2026-05-21 13:30:20.685,33.7,12.15,3.102,33016,141.24,63.94,1380,1403,1608,4731,ON
736,2026-05-21 13:30:21.185,33.7,12.13,3.086,33063,141.15,64.02,1384,1408,1611,4759,ON
737,2026-05-21 13:30:21.685,33.7,12.15,3.094,33091,141.07,64.11,1384,1409,1612,4692,ON
738,2026-05-21 13:30:22.185,33.7,12.15,3.094,33122,140.98,64.20,1382,1408,1610,4688,ON
739,2026-05-21 13:30:22.685,33.7,12.15,3.103,33162,140.89,64.28,1383,1412,1612,4753,ON
740,2026-05-21 13:30:23.185,33.7,12.13,3.087,33200,140.81,64.37,1386,1416,1614,4744,ON
741,2026-05-21 13:30:23.685,33.7,12.15,3.097,33258,140.71,64.46,1387,1419,1616,4688,ON
742,2026-05-21 13:30:24.185,33.7,12.15,3.086,33313,140.63,64.55,1384,1417,1612,4698,ON
743,2026-05-21 13:30:24.685,33.7,12.15,3.098,33374,140.54,64.64,1384,1419,1612,4764,ON
744,2026-05-21 13:30:25.185,33.7,12.15,3.101,33438,140.45,64.72,1387,1423,1615,4767,ON
745,2026-05-21 13:30:25.685,33.7,12.13,3.105,33491,140.37,64.81,1386,1424,1614,4724,ON
746,2026-05-21 13:30:26.185,33.7,12.14,3.089,33552,140.28,64.90,1384,1424,1612,4722,ON
747,2026-05-21 13:30:26.685,33.7,12.14,3.098,33602,140.19,64.99,1390,1431,1618,4769,ON
748,2026-05-21 13:30:27.185,33.7,12.14,3.093,33639,140.11,65.07,1392,1435,1621,4804,ON
749,2026-05-21 13:30:27.685,33.7,12.15,3.099,33675,140.02,65.15,1389,1433,1617,4720,ON
750,2026-05-21 13:30:28.185,33.7,12.14,3.094,33725,139.93,65.25,1385,1431,1613,4727,ON
751,2026-05-21 13:30:28.685,33.7,12.15,3.092,33783,139.85,65.33,1390,1438,1619,4785,ON
752,2026-05-21 13:30:29.185,33.7,12.15,3.099,33840,139.76,65.42,1393,1442,1622,4804,ON
753,2026-05-21 13:30:29.685,33.7,12.16,3.092,33889,139.66,65.52,1390,1441,1618,4744,ON
754,2026-05-21 13:30:30.185,33.7,12.17,3.099,33947,139.57,65.61,1387,1439,1616,4713,ON
755,2026-05-21 13:30:30.685,33.7,12.15,3.099,33996,139.49,65.69,1392,1446,1622,4792,ON
756,2026-05-21 13:30:31.185,33.7,12.14,3.102,34047,139.39,65.79,1394,1450,1624,4826,ON
757,2026-05-21 13:30:31.685,33.7,12.15,3.088,34085,139.31,65.87,1390,1448,1620,4765,ON
758,2026-05-21 13:30:32.185,33.7,12.15,3.096,34131,139.23,65.95,1389,1447,1619,4746,ON
759,2026-05-21 13:30:32.685,33.7,12.15,3.093,34179,139.13,66.05,1394,1454,1624,4805,ON
760,2026-05-21 13:30:33.185,33.7,12.17,3.086,34222,139.04,66.13,1396,1457,1626,4832,ON
761,2026-05-21 13:30:33.685,33.7,12.18,3.091,34270,138.96,66.22,1394,1457,1626,4804,ON
762,2026-05-21 13:30:34.185,33.7,12.19,3.086,34327,138.87,66.30,1395,1459,1619,4751,ON
763,2026-05-21 13:30:34.685,33.7,12.19,3.100,34399,138.79,66.39,1397,1464,1616,4797,ON
764,2026-05-21 13:30:35.185,33.7,12.18,3.086,34457,138.70,66.47,1395,1467,1624,4859,ON
765,2026-05-21 13:30:35.685,33.7,12.19,3.086,34521,138.61,66.56,1395,1468,1627,4867,ON
766,2026-05-21 13:30:36.185,33.7,12.19,3.103,34581,138.53,66.65,1398,1472,1630,4842,ON
767,2026-05-21 13:30:36.685,33.7,12.18,3.093,34617,138.44,66.73,1399,1476,1631,4804,ON
768,2026-05-21 13:30:37.185,33.7,12.16,3.101,34647,138.35,66.82,1398,1475,1629,4812,ON
769,2026-05-21 13:30:37.685,33.7,12.15,3.072,34687,138.27,66.91,1399,1477,1631,4886,ON
770,2026-05-21 13:30:38.185,33.7,12.16,3.088,34725,138.18,66.99,1404,1483,1636,4884,ON
771,2026-05-21 13:30:38.685,33.7,12.17,3.074,34771,138.09,67.08,1400,1481,1632,4806,ON
772,2026-05-21 13:30:39.185,33.6,12.18,3.086,34829,138.01,67.17,1397,1479,1628,4813,ON
773,2026-05-21 13:30:39.685,33.6,12.16,3.105,34884,137.92,67.25,1401,1486,1633,4868,ON
774,2026-05-21 13:30:40.185,33.7,12.15,3.092,34933,137.82,67.35,1404,1490,1636,4901,ON
775,2026-05-21 13:30:40.685,33.7,12.15,3.063,34978,137.75,67.43,1405,1493,1637,4833,ON
776,2026-05-21 13:30:41.185,33.7,12.15,3.089,35028,137.65,67.52,1402,1491,1634,4819,ON
777,2026-05-21 13:30:41.685,33.7,12.16,3.080,35088,137.58,67.60,1404,1494,1635,4890,ON
778,2026-05-21 13:30:42.185,33.7,12.16,3.097,35144,137.48,67.69,1406,1499,1637,4912,ON
779,2026-05-21 13:30:42.685,33.7,12.16,3.079,35203,137.39,67.78,1406,1500,1638,4862,ON
780,2026-05-21 13:30:43.185,33.7,12.18,3.095,35254,137.31,67.87,1405,1500,1637,4856,ON
781,2026-05-21 13:30:43.685,33.7,12.18,3.085,35304,137.22,67.96,1407,1504,1638,4891,ON
782,2026-05-21 13:30:44.185,33.7,12.19,3.095,35350,137.13,68.05,1409,1507,1639,4936,ON
783,2026-05-21 13:30:44.685,33.6,12.19,3.090,35392,137.05,68.13,1406,1507,1638,4880,ON
784,2026-05-21 13:30:45.185,33.6,12.19,3.081,35426,136.96,68.22,1405,1508,1637,4855,ON
785,2026-05-21 13:30:45.685,33.6,12.20,3.082,35456,136.88,68.29,1409,1512,1639,4932,ON
786,2026-05-21 13:30:46.185,33.7,12.19,3.092,35503,136.79,68.39,1412,1517,1643,4950,ON
787,2026-05-21 13:30:46.685,33.7,12.19,3.073,35572,136.69,68.48,1411,1520,1644,4874,ON
788,2026-05-21 13:30:47.185,33.7,12.21,3.077,35638,136.61,68.57,1407,1517,1641,4861,ON
789,2026-05-21 13:30:47.685,33.7,12.22,3.094,35694,136.52,68.66,1410,1522,1643,4947,ON
790,2026-05-21 13:30:48.185,33.7,12.20,3.089,35752,136.43,68.75,1413,1527,1646,4957,ON
791,2026-05-21 13:30:48.685,33.7,12.20,3.088,35815,136.34,68.83,1412,1527,1644,4895,ON
792,2026-05-21 13:30:49.185,33.7,12.20,3.098,35857,136.25,68.92,1410,1527,1642,4907,ON
793,2026-05-21 13:30:49.685,33.7,12.20,3.085,35894,136.18,69.00,1408,1526,1641,4968,ON
794,2026-05-21 13:30:50.185,33.7,12.21,3.068,35923,136.08,69.09,1410,1530,1645,4942,ON
795,2026-05-21 13:30:50.685,33.7,12.21,3.088,35949,135.99,69.18,1414,1536,1650,4899,ON
796,2026-05-21 13:30:51.185,33.7,12.20,3.084,36014,135.91,69.26,1414,1539,1650,4926,ON
797,2026-05-21 13:30:51.685,33.7,12.19,3.090,36070,135.82,69.36,1413,1539,1647,4991,ON
798,2026-05-21 13:30:52.185,33.6,12.17,3.082,36115,135.73,69.45,1417,1545,1651,4989,ON
799,2026-05-21 13:30:52.685,33.6,12.20,3.080,36158,135.63,69.55,1421,1552,1657,4906,ON
800,2026-05-21 13:30:53.185,33.6,12.21,3.088,36207,135.54,69.63,1420,1555,1658,4948,ON
801,2026-05-21 13:30:53.685,33.7,12.20,3.090,36252,135.46,69.71,1420,1555,1655,4924,ON
802,2026-05-21 13:30:54.185,33.6,12.20,3.083,36295,135.37,69.80,1423,1559,1660,5000,ON
803,2026-05-21 13:30:54.685,33.7,12.20,3.084,36330,135.28,69.90,1424,1561,1663,5008,ON
804,2026-05-21 13:30:55.185,33.7,12.20,3.073,36366,135.19,69.98,1423,1560,1661,4958,ON
805,2026-05-21 13:30:55.685,33.6,12.20,3.092,36411,135.11,70.07,1419,1558,1659,4950,ON
806,2026-05-21 13:30:56.185,33.6,12.19,3.092,36463,135.02,70.16,1418,1559,1659,5029,ON
807,2026-05-21 13:30:56.685,33.6,12.18,3.092,36535,134.93,70.24,1422,1564,1664,5044,ON
808,2026-05-21 13:30:57.185,33.6,12.20,3.083,36601,134.84,70.34,1422,1568,1667,4939,ON
809,2026-05-21 13:30:57.685,33.6,12.22,3.081,36657,134.76,70.42,1419,1567,1664,4970,ON
810,2026-05-21 13:30:58.185,33.6,12.22,3.085,36707,134.67,70.51,1422,1573,1669,5028,ON
811,2026-05-21 13:30:58.685,33.6,12.22,3.081,36745,134.58,70.59,1425,1576,1672,5053,ON
812,2026-05-21 13:30:59.185,33.6,12.22,3.090,36776,134.50,70.68,1429,1583,1677,4981,ON
813,2026-05-21 13:30:59.685,33.6,12.21,3.075,36820,134.41,70.77,1424,1581,1674,4986,ON
814,2026-05-21 13:31:00.185,33.6,12.22,3.075,36870,134.32,70.85,1424,1582,1674,5064,ON
815,2026-05-21 13:31:00.685,33.6,12.23,3.079,36916,134.24,70.94,1427,1586,1677,5060,ON
816,2026-05-21 13:31:01.185,33.6,12.24,3.096,36968,134.15,71.03,1428,1590,1677,4996,ON
817,2026-05-21 13:31:01.685,33.6,12.24,3.090,37015,134.06,71.11,1427,1590,1676,5027,ON
818,2026-05-21 13:31:02.185,33.6,12.25,3.076,37065,133.97,71.20,1424,1589,1673,5086,ON
819,2026-05-21 13:31:02.685,33.7,12.25,3.082,37115,133.89,71.29,1427,1594,1677,5075,ON
820,2026-05-21 13:31:03.185,33.6,12.24,3.080,37159,133.80,71.38,1431,1600,1680,4998,ON
821,2026-05-21 13:31:03.685,33.6,12.25,3.077,37189,133.71,71.46,1429,1600,1677,5031,ON
822,2026-05-21 13:31:04.185,33.6,12.26,3.073,37224,133.62,71.55,1425,1597,1673,5120,ON
823,2026-05-21 13:31:04.685,33.6,12.27,3.069,37265,133.54,71.63,1426,1601,1674,5074,ON
824,2026-05-21 13:31:05.185,33.6,12.27,3.073,37318,133.45,71.73,1429,1606,1677,5022,ON
825,2026-05-21 13:31:05.685,33.6,12.27,3.072,37373,133.36,71.82,1430,1609,1677,5067,ON
826,2026-05-21 13:31:06.185,33.7,12.28,3.078,37424,133.27,71.90,1431,1611,1677,5027,ON
827,2026-05-21 13:31:06.685,33.7,12.27,3.069,37469,133.19,71.99,1432,1613,1678,5097,ON
828,2026-05-21 13:31:07.185,33.6,12.26,3.083,37525,133.10,72.07,1434,1616,1679,5111,ON
829,2026-05-21 13:31:07.685,33.6,12.24,3.087,37559,133.01,72.17,1433,1617,1677,5046,ON
830,2026-05-21 13:31:08.185,33.6,12.23,3.084,37591,132.92,72.25,1431,1617,1675,5069,ON
831,2026-05-21 13:31:08.685,33.6,12.23,3.071,37619,132.84,72.33,1432,1621,1677,5130,ON
832,2026-05-21 13:31:09.185,33.6,12.23,3.082,37647,132.74,72.43,1435,1627,1681,5134,ON
833,2026-05-21 13:31:09.685,33.6,12.23,3.084,37681,132.66,72.52,1440,1633,1687,5035,ON
834,2026-05-21 13:31:10.185,33.6,12.22,3.088,37729,132.57,72.60,1438,1634,1684,5091,ON
835,2026-05-21 13:31:10.685,33.6,12.21,3.076,37771,132.49,72.69,1434,1631,1681,5159,ON
836,2026-05-21 13:31:11.185,33.6,12.22,3.082,37823,132.40,72.77,1435,1634,1682,5132,ON
837,2026-05-21 13:31:11.685,33.6,12.24,3.071,37861,132.31,72.86,1439,1639,1686,5062,ON
838,2026-05-21 13:31:12.185,33.6,12.26,3.086,37885,132.22,72.95,1439,1641,1684,5106,ON
839,2026-05-21 13:31:12.685,33.6,12.26,3.079,37909,132.14,73.03,1436,1640,1681,5178,ON
840,2026-05-21 13:31:13.185,33.7,12.26,3.072,37947,132.05,73.12,1436,1642,1682,5145,ON
841,2026-05-21 13:31:13.685,33.6,12.26,3.063,38004,131.97,73.21,1439,1648,1686,5101,ON
842,2026-05-21 13:31:14.185,33.6,12.26,3.086,38055,131.88,73.30,1444,1656,1691,5161,ON
843,2026-05-21 13:31:14.685,33.6,12.26,3.077,38112,131.79,73.39,1445,1658,1692,5189,ON
844,2026-05-21 13:31:15.185,33.6,12.26,3.077,38164,131.69,73.49,1440,1656,1688,5125,ON
845,2026-05-21 13:31:15.685,33.6,12.28,3.066,38212,131.60,73.57,1438,1653,1685,5113,ON
846,2026-05-21 13:31:16.185,33.6,12.29,3.072,38259,131.51,73.67,1443,1661,1690,5170,ON
847,2026-05-21 13:31:16.685,33.6,12.28,3.076,38308,131.42,73.75,1444,1665,1692,5179,ON
848,2026-05-21 13:31:17.185,33.6,12.28,3.087,38358,131.34,73.83,1443,1665,1690,5121,ON
849,2026-05-21 13:31:17.685,33.6,12.26,3.073,38398,131.25,73.92,1441,1666,1689,5158,ON
850,2026-05-21 13:31:18.185,33.6,12.23,3.098,38439,131.16,74.01,1440,1666,1689,5229,ON
851,2026-05-21 13:31:18.685,33.6,12.21,3.070,38502,131.07,74.10,1444,1672,1692,5211,ON
852,2026-05-21 13:31:19.185,33.6,12.23,3.079,38558,130.99,74.19,1447,1678,1696,5138,ON
853,2026-05-21 13:31:19.685,33.6,12.24,3.080,38612,130.91,74.27,1445,1677,1693,5158,ON
854,2026-05-21 13:31:20.185,33.6,12.22,3.089,38655,130.82,74.35,1445,1679,1694,5208,ON
855,2026-05-21 13:31:20.685,33.6,12.23,3.074,38688,130.73,74.45,1447,1683,1696,5219,ON
856,2026-05-21 13:31:21.185,33.6,12.24,3.075,38715,130.64,74.53,1451,1689,1700,5145,ON
857,2026-05-21 13:31:21.685,33.6,12.25,3.078,38742,130.56,74.62,1451,1692,1701,5200,ON
858,2026-05-21 13:31:22.185,33.6,12.27,3.073,38768,130.46,74.71,1449,1692,1700,5248,ON
859,2026-05-21 13:31:22.685,33.6,12.27,3.062,38820,130.38,74.80,1449,1694,1700,5228,ON
860,2026-05-21 13:31:23.185,33.6,12.28,3.078,38872,130.29,74.88,1451,1698,1701,5170,ON
861,2026-05-21 13:31:23.685,33.6,12.28,3.075,38939,130.21,74.96,1452,1701,1702,5229,ON
862,2026-05-21 13:31:24.185,33.6,12.28,3.082,39003,130.12,75.06,1452,1704,1703,5284,ON
863,2026-05-21 13:31:24.685,33.6,12.27,3.082,39062,130.03,75.14,1450,1704,1702,5243,ON
864,2026-05-21 13:31:25.185,33.6,12.26,3.078,39115,129.95,75.23,1453,1708,1704,5185,ON
865,2026-05-21 13:31:25.685,33.6,12.26,3.069,39153,129.86,75.31,1455,1712,1706,5233,ON
866,2026-05-21 13:31:26.185,33.6,12.26,3.080,39176,129.78,75.40,1454,1711,1703,5295,ON
867,2026-05-21 13:31:26.685,33.6,12.25,3.072,39207,129.69,75.49,1451,1717,1706,5230,ON
868,2026-05-21 13:31:27.185,33.6,12.26,3.077,39242,129.60,75.58,1450,1725,1701,5196,ON
869,2026-05-21 13:31:27.685,33.6,12.26,3.081,39292,129.51,75.66,1457,1720,1695,5267,ON
870,2026-05-21 13:31:28.185,33.6,12.25,3.066,39331,129.42,75.75,1456,1725,1704,5337,ON
871,2026-05-21 13:31:28.685,33.6,12.27,3.070,39360,129.34,75.84,1452,1724,1704,5251,ON
872,2026-05-21 13:31:29.185,33.6,12.26,3.084,39405,129.25,75.92,1450,1726,1705,5213,ON
873,2026-05-21 13:31:29.685,33.6,12.25,3.089,39447,129.17,76.01,1457,1732,1710,5289,ON
874,2026-05-21 13:31:30.185,33.6,12.22,3.085,39495,129.08,76.10,1461,1735,1711,5295,ON
875,2026-05-21 13:31:30.685,33.6,12.22,3.088,39535,128.99,76.18,1463,1734,1710,5328,ON
876,2026-05-21 13:31:31.185,33.6,12.25,3.069,39570,128.90,76.27,1459,1735,1708,5228,ON
877,2026-05-21 13:31:31.685,33.6,12.27,3.081,39616,128.82,76.35,1458,1736,1707,5221,ON
878,2026-05-21 13:31:32.185,33.6,12.27,3.091,39669,128.73,76.44,1462,1744,1713,5306,ON
879,2026-05-21 13:31:32.685,33.6,12.26,3.085,39732,128.64,76.53,1462,1747,1714,5341,ON
880,2026-05-21 13:31:33.185,33.6,12.27,3.072,39789,128.55,76.62,1460,1748,1714,5312,ON
881,2026-05-21 13:31:33.685,33.6,12.27,3.083,39838,128.47,76.71,1461,1750,1715,5255,ON
882,2026-05-21 13:31:34.185,33.6,12.24,3.091,39880,128.38,76.80,1464,1755,1716,5356,ON
883,2026-05-21 13:31:34.685,33.6,12.23,3.084,39919,128.29,76.88,1468,1761,1720,5355,ON
884,2026-05-21 13:31:35.185,33.6,12.23,3.069,39944,128.20,76.97,1464,1759,1716,5295,ON
885,2026-05-21 13:31:35.685,33.6,12.25,3.088,39965,128.12,77.06,1462,1759,1715,5311,ON
886,2026-05-21 13:31:36.185,33.6,12.26,3.072,39993,128.03,77.14,1462,1761,1714,5360,ON
887,2026-05-21 13:31:36.685,33.6,12.27,3.071,40038,127.93,77.24,1466,1766,1718,5369,ON
888,2026-05-21 13:31:37.185,33.6,12.27,3.073,40087,127.84,77.34,1468,1774,1721,5273,ON
889,2026-05-21 13:31:37.685,33.6,12.27,3.084,40142,127.75,77.42,1465,1774,1719,5318,ON
890,2026-05-21 13:31:38.185,33.6,12.27,3.074,40186,127.66,77.51,1463,1773,1716,5379,ON
891,2026-05-21 13:31:38.685,33.6,12.26,3.083,40221,127.58,77.60,1465,1778,1717,5369,ON
892,2026-05-21 13:31:39.185,33.6,12.24,3.088,40260,127.49,77.69,1469,1784,1720,5298,ON
893,2026-05-21 13:31:39.685,33.6,12.22,3.088,40291,127.41,77.76,1471,1789,1724,5378,ON
894,2026-05-21 13:31:40.185,33.6,12.23,3.075,40325,127.32,77.86,1471,1791,1726,5423,ON
895,2026-05-21 13:31:40.685,33.6,12.24,3.076,40364,127.23,77.95,1469,1788,1722,5373,ON
896,2026-05-21 13:31:41.185,33.6,12.26,3.066,40402,127.14,78.03,1469,1789,1722,5280,ON
897,2026-05-21 13:31:41.685,33.6,12.28,3.067,40444,127.05,78.12,1467,1787,1720,5353,ON
898,2026-05-21 13:31:42.185,33.6,12.27,3.075,40498,126.97,78.21,1465,1786,1718,5420,ON
899,2026-05-21 13:31:42.685,33.6,12.26,3.073,40549,126.88,78.30,1469,1792,1723,5410,ON
900,2026-05-21 13:31:43.185,33.6,12.28,3.070,40607,126.79,78.38,1474,1798,1728,5346,ON
901,2026-05-21 13:31:43.685,33.6,12.28,3.081,40661,126.71,78.46,1475,1799,1729,5374,ON
902,2026-05-21 13:31:44.185,33.6,12.29,3.062,40700,126.62,78.55,1472,1795,1726,5439,ON
903,2026-05-21 13:31:44.685,33.6,12.30,3.081,40743,126.54,78.64,1472,1795,1726,5392,ON
904,2026-05-21 13:31:45.185,33.6,12.29,3.080,40780,126.45,78.73,1473,1791,1724,5364,ON
905,2026-05-21 13:31:45.685,33.6,12.27,3.081,40819,126.36,78.82,1474,1794,1727,5400,ON
906,2026-05-21 13:31:46.185,33.6,12.26,3.071,40863,126.27,78.90,1479,1804,1732,5442,ON
907,2026-05-21 13:31:46.685,33.6,12.28,3.064,40907,126.18,79.00,1483,1811,1735,5442,ON
908,2026-05-21 13:31:47.185,33.6,12.28,3.076,40948,126.10,79.08,1479,1812,1734,5459,ON
909,2026-05-21 13:31:47.685,33.6,12.26,3.085,40980,126.01,79.16,1476,1810,1730,5397,ON
910,2026-05-21 13:31:48.185,33.6,12.25,3.087,41010,125.92,79.25,1473,1809,1728,5392,ON
911,2026-05-21 13:31:48.685,33.6,12.25,3.072,41037,125.84,79.34,1477,1816,1732,5452,ON
912,2026-05-21 13:31:49.185,33.6,12.27,3.074,41072,125.74,79.43,1480,1822,1734,5443,ON
913,2026-05-21 13:31:49.685,33.6,12.28,3.070,41103,125.65,79.52,1480,1823,1734,5392,ON
914,2026-05-21 13:31:50.185,33.6,12.29,3.065,41150,125.57,79.60,1478,1823,1732,5417,ON
915,2026-05-21 13:31:50.685,33.6,12.29,3.079,41189,125.49,79.69,1480,1827,1736,5502,ON
916,2026-05-21 13:31:51.185,33.6,12.28,3.070,41240,125.40,79.78,1483,1833,1739,5477,ON
917,2026-05-21 13:31:51.685,33.6,12.28,3.080,41271,125.31,79.86,1482,1834,1737,5400,ON
918,2026-05-21 13:31:52.185,33.6,12.28,3.073,41309,125.23,79.95,1479,1833,1735,5428,ON
919,2026-05-21 13:31:52.685,33.6,12.28,3.074,41351,125.14,80.04,1478,1833,1734,5513,ON
920,2026-05-21 13:31:53.185,33.6,12.28,3.067,41392,125.05,80.12,1481,1839,1737,5487,ON
921,2026-05-21 13:31:53.685,33.6,12.28,3.076,41427,124.96,80.21,1485,1846,1741,5392,ON
922,2026-05-21 13:31:54.185,33.6,12.27,3.076,41479,124.88,80.29,1483,1846,1740,5440,ON
923,2026-05-21 13:31:54.685,33.6,12.27,3.075,41528,124.79,80.38,1484,1848,1741,5501,ON
924,2026-05-21 13:31:55.185,33.6,12.28,3.075,41576,124.70,80.47,1486,1852,1743,5499,ON
925,2026-05-21 13:31:55.685,33.6,12.28,3.071,41616,124.63,80.55,1487,1856,1743,5437,ON
926,2026-05-21 13:31:56.185,33.6,12.29,3.078,41652,124.52,80.65,1485,1855,1741,5460,ON
927,2026-05-21 13:31:56.685,33.6,12.29,3.071,41675,124.45,80.73,1482,1852,1737,5544,ON
928,2026-05-21 13:31:57.185,33.6,12.30,3.065,41707,124.36,80.81,1482,1854,1738,5503,ON
929,2026-05-21 13:31:57.685,33.6,12.31,3.060,41727,124.25,80.92,1477,1855,1738,5450,ON
930,2026-05-21 13:31:58.185,33.6,12.31,3.068,41750,124.17,81.00,1477,1856,1737,5481,ON
931,2026-05-21 13:31:58.685,33.6,12.29,3.077,41784,124.08,81.10,1482,1858,1738,5525,ON
932,2026-05-21 13:31:59.185,33.6,12.28,3.064,41831,123.99,81.19,1488,1868,1743,5519,ON
933,2026-05-21 13:31:59.685,33.6,12.29,3.068,41880,123.90,81.27,1490,1873,1746,5546,ON
934,2026-05-21 13:32:00.185,33.6,12.30,3.074,41929,123.82,81.36,1491,1876,1747,5476,ON
935,2026-05-21 13:32:00.685,33.6,12.31,3.071,41989,123.73,81.45,1487,1873,1744,5467,ON
936,2026-05-21 13:32:01.185,33.6,12.31,3.067,42046,123.64,81.53,1490,1879,1746,5561,ON
937,2026-05-21 13:32:01.685,33.6,12.32,3.067,42088,123.56,81.61,1494,1885,1750,5577,ON
938,2026-05-21 13:32:02.185,33.6,12.32,3.085,42125,123.47,81.70,1492,1884,1748,5492,ON
939,2026-05-21 13:32:02.685,33.6,12.31,3.075,42167,123.38,81.79,1488,1883,1745,5508,ON
940,2026-05-21 13:32:03.185,33.6,12.31,3.071,42202,123.30,81.88,1488,1884,1745,5591,ON
941,2026-05-21 13:32:03.685,33.6,12.30,3.074,42222,123.21,81.96,1493,1892,1750,5586,ON
942,2026-05-21 13:32:04.185,33.6,12.29,3.074,42257,123.12,82.06,1495,1897,1753,5488,ON
943,2026-05-21 13:32:04.685,33.6,12.31,3.070,42296,123.04,82.14,1493,1896,1751,5532,ON
944,2026-05-21 13:32:05.185,33.6,12.30,3.076,42339,122.95,82.23,1493,1898,1751,5615,ON
945,2026-05-21 13:32:05.685,33.6,12.29,3.079,42385,122.85,82.32,1495,1902,1753,5582,ON
946,2026-05-21 13:32:06.185,33.6,12.28,3.074,42432,122.77,82.40,1497,1907,1756,5502,ON
947,2026-05-21 13:32:06.685,33.6,12.28,3.075,42469,122.68,82.49,1496,1907,1754,5548,ON
948,2026-05-21 13:32:07.185,33.6,12.29,3.070,42500,122.60,82.58,1494,1905,1752,5650,ON
949,2026-05-21 13:32:07.685,33.6,12.29,3.073,42530,122.51,82.66,1497,1911,1756,5615,ON
950,2026-05-21 13:32:08.185,33.6,12.29,3.066,42561,122.42,82.75,1501,1918,1760,5535,ON
951,2026-05-21 13:32:08.685,33.6,12.29,3.074,42599,122.33,82.84,1499,1918,1758,5577,ON
952,2026-05-21 13:32:09.185,33.6,12.29,3.056,42643,122.25,82.93,1497,1917,1756,5652,ON
953,2026-05-21 13:32:09.685,33.6,12.29,3.067,42688,122.16,83.01,1498,1920,1757,5624,ON
954,2026-05-21 13:32:10.185,33.6,12.29,3.088,42741,122.07,83.10,1502,1926,1761,5550,ON
955,2026-05-21 13:32:10.685,33.6,12.27,3.068,42793,121.98,83.19,1504,1932,1764,5615,ON
956,2026-05-21 13:32:11.185,33.6,12.27,3.075,42834,121.89,83.28,1502,1932,1764,5653,ON
957,2026-05-21 13:32:11.685,33.6,12.27,3.072,42859,121.81,83.37,1501,1931,1761,5608,ON
958,2026-05-21 13:32:12.185,33.6,12.28,3.063,42894,121.73,83.45,1501,1931,1760,5573,ON
959,2026-05-21 13:32:12.685,33.6,12.29,3.072,42935,121.63,83.54,1504,1940,1766,5650,ON
960,2026-05-21 13:32:13.185,33.6,12.30,3.064,42980,121.54,83.63,1506,1945,1769,5713,ON
961,2026-05-21 13:32:13.685,33.6,12.33,3.055,43029,121.46,83.71,1503,1944,1767,5652,ON
962,2026-05-21 13:32:14.185,33.6,12.34,3.070,43058,121.37,83.80,1505,1938,1766,5598,ON
963,2026-05-21 13:32:14.685,33.6,12.33,3.062,43096,121.29,83.89,1503,1937,1769,5611,ON
964,2026-05-21 13:32:15.185,33.6,12.33,3.067,43119,121.20,83.97,1504,1945,1768,5641,ON
965,2026-05-21 13:32:15.685,33.6,12.33,3.076,43133,121.12,84.06,1502,1947,1767,5636,ON
966,2026-05-21 13:32:16.185,33.6,12.31,3.077,43146,121.03,84.15,1504,1952,1768,5603,ON
967,2026-05-21 13:32:16.685,33.6,12.29,3.075,43177,120.94,84.24,1509,1959,1771,5678,ON
968,2026-05-21 13:32:17.185,33.6,12.29,3.069,43216,120.85,84.32,1510,1964,1772,5683,ON
969,2026-05-21 13:32:17.685,33.6,12.31,3.063,43251,120.77,84.41,1507,1961,1769,5707,ON
970,2026-05-21 13:32:18.185,33.6,12.31,3.071,43299,120.68,84.49,1507,1962,1769,5687,ON
971,2026-05-21 13:32:18.685,33.6,12.31,3.062,43331,120.59,84.58,1509,1967,1772,5662,ON
972,2026-05-21 13:32:19.185,33.6,12.32,3.064,43362,120.50,84.67,1513,1972,1775,5717,ON
973,2026-05-21 13:32:19.685,33.6,12.31,3.071,43390,120.42,84.76,1515,1978,1778,5726,ON
974,2026-05-21 13:32:20.185,33.6,12.31,3.081,43420,120.32,84.86,1511,1975,1775,5698,ON
975,2026-05-21 13:32:20.685,33.6,12.31,3.056,43454,120.23,84.95,1511,1977,1776,5645,ON
976,2026-05-21 13:32:21.185,33.6,12.33,3.058,43501,120.14,85.04,1515,1983,1778,5718,ON
977,2026-05-21 13:32:21.685,33.6,12.34,3.074,43536,120.05,85.12,1516,1986,1780,5738,ON
978,2026-05-21 13:32:22.185,33.6,12.33,3.073,43571,119.97,85.21,1513,1983,1775,5671,ON
979,2026-05-21 13:32:22.685,33.6,12.32,3.063,43596,119.88,85.29,1509,1980,1771,5647,ON
980,2026-05-21 13:32:23.185,33.6,12.31,3.068,43632,119.80,85.38,1513,1988,1777,5735,ON
981,2026-05-21 13:32:23.685,33.6,12.32,3.060,43658,119.71,85.47,1516,1993,1780,5773,ON
982,2026-05-21 13:32:24.185,33.6,12.32,3.063,43673,119.62,85.55,1515,1993,1779,5724,ON
