SampleIndex,Timestamp,Temp,pH,Volt,EC,Weight,Weightloss,R,G,B,C,RelayStatus
0,2026-05-21 14:51:36.078,29.6,4.00,4.304, 5,205.33,0.13,1591,2534,1888,6534,ON
1,2026-05-21 14:51:36.578,29.6,4.01,4.328, 5,205.24,0.22,1597,2543,1894,6580,ON
2,2026-05-21 14:51:37.078,29.5,3.94,4.348, 5,205.16,0.30,1599,2548,1899,6502,ON
3,2026-05-21 14:51:37.578,29.5,3.87,4.370, 5,205.08,0.38,1590,2535,1889,6559,ON
4,2026-05-21 14:51:38.078,29.5,3.84,4.348, 6,204.99,0.47,1586,2530,1884,6448,ON
5,2026-05-21 14:51:38.578,29.6,3.91,4.289, 9,204.90,0.56,1584,2526,1882,6501,ON
6,2026-05-21 14:51:39.078,29.6,4.02,4.269,17,204.82,0.64,1583,2525,1882,6514,ON
7,2026-05-21 14:51:39.578,29.6,4.12,4.274,26,204.73,0.73,1584,2526,1883,6558,ON
8,2026-05-21 14:51:40.078,29.6,4.24,4.237,37,204.64,0.82,1585,2530,1885,6503,ON
9,2026-05-21 14:51:40.578,29.6,4.37,4.224,47,204.56,0.91,1584,2527,1883,6489,ON
10,2026-05-21 14:51:41.078,29.6,4.46,4.230,58,204.47,0.99,1584,2527,1884,6522,ON
11,2026-05-21 14:51:41.578,29.6,4.51,4.229,68,204.38,1.08,1583,2527,1884,6506,ON
12,2026-05-21 14:51:42.078,29.6,4.58,4.216,76,204.31,1.16,1582,2525,1883,6486,ON
13,2026-05-21 14:51:42.578,29.6,4.67,4.199,85,204.22,1.24,1583,2525,1884,6509,ON
14,2026-05-21 14:51:43.078,29.7,4.73,4.195,94,204.13,1.33,1582,2522,1881,6440,ON
15,2026-05-21 14:51:43.578,29.7,4.78,4.204,105,204.04,1.42,1580,2521,1880,6500,ON
16,2026-05-21 14:51:44.078,29.7,4.79,4.196,117,203.96,1.50,1576,2515,1875,6443,ON
17,2026-05-21 14:51:44.578,29.8,4.82,4.197,129,203.88,1.58,1572,2509,1872,6499,ON
18,2026-05-21 14:51:45.078,29.8,4.85,4.185,139,203.78,1.68,1570,2505,1870,6444,ON
19,2026-05-21 14:51:45.578,29.8,4.87,4.189,147,203.70,1.76,1570,2502,1867,6432,ON
20,2026-05-21 14:51:46.078,29.9,4.89,4.186,156,203.62,1.84,1565,2496,1864,6413,ON
21,2026-05-21 14:51:46.578,29.9,4.92,4.179,166,203.52,1.94,1563,2492,1861,6378,ON
22,2026-05-21 14:51:47.078,29.9,4.98,4.166,176,203.43,2.03,1561,2487,1859,6383,ON
23,2026-05-21 14:51:47.578,29.9,5.02,4.160,185,203.34,2.12,1566,2496,1866,6512,ON
24,2026-05-21 14:51:48.078,30.0,5.06,4.158,193,203.26,2.20,1570,2504,1872,6445,ON
25,2026-05-21 14:51:48.578,30.0,5.08,4.163,201,203.17,2.29,1569,2505,1871,6462,ON
26,2026-05-21 14:51:49.078,30.0,5.09,4.158,211,203.09,2.37,1570,2505,1872,6485,ON
27,2026-05-21 14:51:49.578,30.1,5.11,4.158,221,203.00,2.46,1574,2510,1875,6493,ON
28,2026-05-21 14:51:50.078,30.1,5.16,4.141,232,202.91,2.55,1577,2519,1881,6510,ON
29,2026-05-21 14:51:50.578,30.1,5.21,4.135,242,202.84,2.62,1579,2523,1883,6523,ON
30,2026-05-21 14:51:51.078,30.2,5.23,4.144,252,202.75,2.71,1583,2527,1886,6522,ON
31,2026-05-21 14:51:51.578,30.2,5.24,4.127,260,202.66,2.80,1585,2527,1886,6489,ON
32,2026-05-21 14:51:52.078,30.2,5.26,4.135,269,202.58,2.88,1584,2524,1885,6500,ON
33,2026-05-21 14:51:52.578,30.3,5.28,4.123,277,202.49,2.97,1583,2524,1884,6522,ON
34,2026-05-21 14:51:53.078,30.3,5.31,4.126,286,202.40,3.06,1583,2524,1884,6506,ON
35,2026-05-21 14:51:53.578,30.3,5.33,4.123,295,202.32,3.15,1586,2529,1887,6554,ON
36,2026-05-21 14:51:54.078,30.3,5.36,4.127,303,202.23,3.23,1591,2537,1894,6470,ON
37,2026-05-21 14:51:54.578,30.4,5.38,4.132,310,202.14,3.32,1581,2523,1884,6517,ON
38,2026-05-21 14:51:55.078,30.4,5.37,4.110,317,202.06,3.40,1582,2527,1886,6490,ON
39,2026-05-21 14:51:55.578,30.4,5.39,4.118,326,201.97,3.49,1580,2523,1884,6449,ON
40,2026-05-21 14:51:56.078,30.5,5.41,4.117,337,201.89,3.57,1577,2519,1883,6519,ON
41,2026-05-21 14:51:56.578,30.5,5.43,4.125,348,201.80,3.66,1573,2512,1878,6441,ON
42,2026-05-21 14:51:57.078,30.5,5.47,4.108,359,201.72,3.75,1567,2502,1870,6414,ON
43,2026-05-21 14:51:57.578,30.5,5.49,4.099,369,201.63,3.83,1562,2496,1865,6431,ON
44,2026-05-21 14:51:58.078,30.6,5.49,4.113,376,201.54,3.92,1561,2493,1864,6380,ON
45,2026-05-21 14:51:58.578,30.6,5.49,4.108,383,201.46,4.01,1557,2487,1860,6380,ON
46,2026-05-21 14:51:59.078,30.6,5.51,4.107,391,201.37,4.09,1555,2482,1857,6375,ON
47,2026-05-21 14:51:59.578,30.6,5.52,4.106,399,201.29,4.17,1552,2480,1855,6364,ON
48,2026-05-21 14:52:00.078,30.7,5.55,4.093,408,201.21,4.25,1555,2483,1857,6447,ON
49,2026-05-21 14:52:00.578,30.7,5.56,4.105,418,201.12,4.34,1559,2489,1863,6445,ON
50,2026-05-21 14:52:01.078,30.7,5.55,4.105,427,201.03,4.43,1561,2493,1865,6488,ON
51,2026-05-21 14:52:01.578,30.7,5.57,4.098,436,200.94,4.52,1563,2497,1868,6466,ON
52,2026-05-21 14:52:02.078,30.7,5.58,4.095,444,200.85,4.61,1564,2498,1870,6476,ON
53,2026-05-21 14:52:02.578,30.8,5.60,4.092,452,200.77,4.69,1565,2500,1870,6444,ON
54,2026-05-21 14:52:03.078,30.8,5.62,4.095,462,200.70,4.77,1566,2500,1869,6444,ON
55,2026-05-21 14:52:03.578,30.8,5.62,4.100,474,200.60,4.86,1567,2503,1869,6454,ON
56,2026-05-21 14:52:04.078,30.8,5.61,4.102,485,200.51,4.95,1566,2502,1868,6446,ON
57,2026-05-21 14:52:04.578,30.9,5.62,4.081,494,200.43,5.03,1565,2500,1870,6405,ON
58,2026-05-21 14:52:05.078,30.9,5.62,4.110,503,200.35,5.11,1562,2492,1864,6459,ON
59,2026-05-21 14:52:05.578,30.9,5.62,4.095,512,200.26,5.20,1560,2491,1863,6420,ON
60,2026-05-21 14:52:06.078,30.9,5.62,4.095,520,200.18,5.28,1560,2490,1863,6398,ON
61,2026-05-21 14:52:06.578,31.0,5.63,4.094,529,200.09,5.38,1561,2492,1865,6438,ON
62,2026-05-21 14:52:07.078,31.0,5.63,4.098,538,200.00,5.46,1562,2494,1867,6454,ON
63,2026-05-21 14:52:07.578,31.0,5.63,4.097,546,199.92,5.54,1565,2499,1870,6450,ON
64,2026-05-21 14:52:08.078,31.0,5.62,4.084,555,199.83,5.63,1566,2499,1871,6465,ON
65,2026-05-21 14:52:08.578,31.1,5.66,4.084,563,199.74,5.72,1570,2505,1873,6477,ON
66,2026-05-21 14:52:09.078,31.1,5.67,4.098,571,199.66,5.80,1573,2511,1878,6484,ON
67,2026-05-21 14:52:09.578,31.1,5.67,4.085,579,199.57,5.89,1574,2514,1879,6547,ON
68,2026-05-21 14:52:10.078,31.1,5.68,4.089,588,199.49,5.97,1580,2522,1885,6503,ON
69,2026-05-21 14:52:10.578,31.2,5.70,4.076,597,199.40,6.06,1582,2523,1886,6559,ON
70,2026-05-21 14:52:11.078,31.2,5.71,4.083,606,199.31,6.15,1583,2527,1889,6536,ON
71,2026-05-21 14:52:11.578,31.2,5.71,4.084,614,199.24,6.23,1584,2530,1891,6537,ON
72,2026-05-21 14:52:12.078,31.2,5.73,4.077,624,199.14,6.32,1585,2530,1892,6527,ON
73,2026-05-21 14:52:12.578,31.2,5.75,4.077,635,199.06,6.40,1585,2530,1891,6483,ON
74,2026-05-21 14:52:13.078,31.3,5.77,4.068,646,198.98,6.48,1583,2528,1890,6538,ON
75,2026-05-21 14:52:13.578,31.3,5.79,4.072,657,198.89,6.57,1584,2529,1891,6538,ON
76,2026-05-21 14:52:14.078,31.3,5.79,4.076,669,198.81,6.65,1583,2527,1889,6532,ON
77,2026-05-21 14:52:14.578,31.3,5.79,4.072,680,198.76,6.70,1585,2529,1891,6488,ON
78,2026-05-21 14:52:15.078,31.3,5.79,4.083,690,198.62,6.84,1584,2528,1890,6505,ON
79,2026-05-21 14:52:15.578,31.4,5.79,4.073,701,198.54,6.92,1580,2525,1889,6536,ON
80,2026-05-21 14:52:16.078,31.4,5.80,4.070,710,198.45,7.01,1576,2518,1884,6462,ON
81,2026-05-21 14:52:16.578,31.4,5.80,4.072,720,198.36,7.10,1574,2514,1882,6493,ON
82,2026-05-21 14:52:17.078,31.4,5.80,4.072,729,198.28,7.18,1572,2514,1883,6463,ON
83,2026-05-21 14:52:17.578,31.4,5.80,4.069,738,198.20,7.26,1571,2518,1885,6450,ON
84,2026-05-21 14:52:18.078,31.4,5.80,4.074,747,198.11,7.35,1571,2522,1887,6497,ON
85,2026-05-21 14:52:18.578,31.5,5.79,4.067,755,198.02,7.44,1575,2522,1887,6482,ON
86,2026-05-21 14:52:19.078,31.5,5.80,4.074,762,197.93,7.53,1579,2523,1887,6504,ON
87,2026-05-21 14:52:19.578,31.5,5.80,4.066,770,197.85,7.61,1581,2524,1887,6507,ON
88,2026-05-21 14:52:20.078,31.5,5.80,4.068,778,197.76,7.70,1581,2525,1888,6528,ON
89,2026-05-21 14:52:20.578,31.5,5.80,4.079,789,197.68,7.78,1583,2528,1890,6559,ON
90,2026-05-21 14:52:21.078,31.5,5.82,4.063,801,197.59,7.87,1587,2534,1894,6590,ON
91,2026-05-21 14:52:21.578,31.6,5.83,4.074,812,197.51,7.95,1586,2529,1892,6492,ON
92,2026-05-21 14:52:22.078,31.6,5.82,4.068,821,197.42,8.04,1585,2527,1891,6515,ON
93,2026-05-21 14:52:22.578,31.6,5.83,4.065,829,197.34,8.12,1586,2529,1892,6490,ON
94,2026-05-21 14:52:23.078,31.6,5.84,4.066,838,197.25,8.21,1579,2519,1885,6457,ON
95,2026-05-21 14:52:23.578,31.7,5.85,4.058,846,197.17,8.29,1575,2513,1881,6512,ON
96,2026-05-21 14:52:24.078,31.7,5.86,4.072,853,197.08,8.38,1575,2514,1882,6493,ON
97,2026-05-21 14:52:24.578,31.7,5.85,4.055,862,197.00,8.46,1575,2514,1883,6487,ON
98,2026-05-21 14:52:25.078,31.7,5.87,4.074,871,196.90,8.56,1575,2514,1882,6496,ON
99,2026-05-21 14:52:25.578,31.7,5.87,4.067,881,196.82,8.64,1574,2512,1882,6443,ON
100,2026-05-21 14:52:26.078,31.7,5.86,4.064,894,196.74,8.72,1569,2506,1877,6447,ON
101,2026-05-21 14:52:26.578,31.8,5.86,4.054,906,196.65,8.81,1565,2501,1874,6399,ON
102,2026-05-21 14:52:27.078,31.8,5.85,4.068,917,196.56,8.90,1562,2495,1870,6411,ON
103,2026-05-21 14:52:27.578,31.8,5.85,4.069,928,196.48,8.98,1563,2496,1871,6410,ON
104,2026-05-21 14:52:28.078,31.8,5.86,4.067,940,196.40,9.07,1561,2491,1867,6460,ON
105,2026-05-21 14:52:28.578,31.8,5.86,4.065,952,196.31,9.15,1563,2496,1871,6484,ON
106,2026-05-21 14:52:29.078,31.8,5.86,4.068,962,196.22,9.24,1566,2501,1874,6493,ON
107,2026-05-21 14:52:29.578,31.9,5.85,4.056,971,196.14,9.32,1566,2500,1873,6459,ON
108,2026-05-21 14:52:30.078,31.9,5.86,4.072,978,196.06,9.41,1566,2499,1873,6462,ON
109,2026-05-21 14:52:30.578,31.9,5.85,4.077,989,195.97,9.49,1567,2499,1873,6484,ON
110,2026-05-21 14:52:31.078,31.9,5.86,4.059,999,195.87,9.59,1570,2505,1877,6463,ON
111,2026-05-21 14:52:31.578,31.9,5.87,4.062,1009,195.79,9.67,1569,2505,1878,6482,ON
112,2026-05-21 14:52:32.078,31.9,5.87,4.056,1018,195.71,9.75,1573,2512,1881,6495,ON
113,2026-05-21 14:52:32.578,31.9,5.89,4.053,1028,195.62,9.84,1576,2516,1884,6530,ON
114,2026-05-21 14:52:33.078,32.0,5.91,4.053,1037,195.54,9.92,1579,2519,1886,6523,ON
115,2026-05-21 14:52:33.578,32.0,5.92,4.053,1046,195.45,10.01,1580,2522,1887,6605,ON
116,2026-05-21 14:52:34.078,32.0,5.94,4.059,1057,195.37,10.09,1586,2530,1894,6562,ON
117,2026-05-21 14:52:34.578,32.0,5.94,4.047,1068,195.28,10.18,1588,2536,1898,6537,ON
118,2026-05-21 14:52:35.078,32.0,5.94,4.059,1079,195.20,10.26,1589,2537,1899,6542,ON
119,2026-05-21 14:52:35.578,32.0,5.93,4.057,1088,195.11,10.35,1592,2539,1901,6543,ON
120,2026-05-21 14:52:36.078,32.1,5.93,4.063,1097,195.02,10.44,1592,2539,1901,6541,ON
121,2026-05-21 14:52:36.578,32.1,5.92,4.056,1107,194.94,10.52,1595,2544,1904,6583,ON
122,2026-05-21 14:52:37.078,32.1,5.92,4.055,1116,194.85,10.61,1597,2550,1907,6598,ON
123,2026-05-21 14:52:37.578,32.1,5.92,4.061,1126,194.76,10.70,1597,2549,1907,6568,ON
124,2026-05-21 14:52:38.078,32.1,5.92,4.054,1138,194.69,10.77,1596,2548,1907,6635,ON
125,2026-05-21 14:52:38.578,32.1,5.93,4.059,1148,194.60,10.86,1603,2557,1913,6545,ON
126,2026-05-21 14:52:39.078,32.2,5.93,4.052,1157,194.51,10.95,1601,2552,1909,6556,ON
127,2026-05-21 14:52:39.578,32.2,5.94,4.059,1165,194.43,11.03,1599,2550,1909,6625,ON
128,2026-05-21 14:52:40.078,32.2,5.95,4.047,1173,194.34,11.12,1604,2559,1916,6565,ON
129,2026-05-21 14:52:40.578,32.2,5.96,4.047,1181,194.24,11.22,1600,2553,1911,6558,ON
130,2026-05-21 14:52:41.078,32.2,5.97,4.055,1192,194.15,11.31,1596,2547,1906,6498,ON
131,2026-05-21 14:52:41.578,32.2,5.98,4.048,1202,194.07,11.39,1596,2546,1906,6550,ON
132,2026-05-21 14:52:42.078,32.2,5.97,4.055,1212,193.99,11.47,1597,2545,1906,6567,ON
133,2026-05-21 14:52:42.578,32.2,5.97,4.043,1220,193.90,11.56,1597,2546,1906,6547,ON
134,2026-05-21 14:52:43.078,32.3,5.99,4.046,1229,193.82,11.64,1595,2542,1903,6621,ON
135,2026-05-21 14:52:43.578,32.3,6.00,4.050,1239,193.73,11.73,1599,2548,1907,6582,ON
136,2026-05-21 14:52:44.078,32.3,5.98,4.053,1249,193.64,11.82,1600,2550,1909,6556,ON
137,2026-05-21 14:52:44.578,32.3,5.98,4.045,1264,193.55,11.91,1598,2545,1906,6609,ON
138,2026-05-21 14:52:45.078,32.4,6.00,4.043,1278,193.48,11.98,1601,2554,1912,6626,ON
139,2026-05-21 14:52:45.578,32.4,6.01,4.042,1289,193.39,12.07,1603,2556,1913,6587,ON
140,2026-05-21 14:52:46.078,32.4,6.02,4.036,1299,193.30,12.16,1605,2559,1915,6613,ON
141,2026-05-21 14:52:46.578,32.4,6.02,4.046,1308,193.22,12.24,1604,2556,1914,6567,ON
142,2026-05-21 14:52:47.078,32.4,6.01,4.046,1316,193.13,12.33,1600,2551,1910,6607,ON
143,2026-05-21 14:52:47.578,32.4,6.01,4.044,1324,193.05,12.41,1601,2543,1904,6603,ON
144,2026-05-21 14:52:48.078,32.4,6.01,4.035,1335,192.97,12.50,1600,2539,1902,6552,ON
145,2026-05-21 14:52:48.578,32.5,6.03,4.039,1345,192.88,12.58,1596,2538,1901,6534,ON
146,2026-05-21 14:52:49.078,32.5,6.03,4.062,1355,192.79,12.67,1593,2535,1899,6557,ON
147,2026-05-21 14:52:49.578,32.5,6.01,4.050,1364,192.71,12.75,1593,2539,1901,6553,ON
148,2026-05-21 14:52:50.078,32.5,6.00,4.037,1374,192.62,12.84,1592,2540,1902,6577,ON
149,2026-05-21 14:52:50.578,32.5,6.02,4.041,1383,192.54,12.92,1596,2545,1906,6585,ON
150,2026-05-21 14:52:51.078,32.5,6.02,4.043,1393,192.45,13.01,1598,2550,1910,6594,ON
151,2026-05-21 14:52:51.578,32.5,6.03,4.037,1403,192.37,13.10,1604,2559,1916,6677,ON
152,2026-05-21 14:52:52.078,32.6,6.03,4.042,1415,192.28,13.18,1610,2567,1922,6597,ON
153,2026-05-21 14:52:52.578,32.6,6.03,4.049,1425,192.19,13.27,1609,2561,1918,6571,ON
154,2026-05-21 14:52:53.078,32.6,6.03,4.042,1436,192.10,13.36,1604,2554,1912,6583,ON
155,2026-05-21 14:52:53.578,32.6,6.03,4.035,1447,192.02,13.44,1605,2557,1914,6619,ON
156,2026-05-21 14:52:54.078,32.6,6.05,4.051,1459,191.93,13.53,1609,2563,1919,6625,ON
157,2026-05-21 14:52:54.578,32.6,6.05,4.043,1469,191.85,13.61,1609,2565,1920,6627,ON
158,2026-05-21 14:52:55.078,32.6,6.04,4.049,1480,191.76,13.70,1608,2563,1920,6594,ON
159,2026-05-21 14:52:55.578,32.7,6.03,4.037,1491,191.68,13.78,1607,2558,1915,6632,ON
160,2026-05-21 14:52:56.078,32.7,6.05,4.036,1501,191.60,13.87,1607,2558,1915,6605,ON
161,2026-05-21 14:52:56.578,32.7,6.05,4.044,1510,191.51,13.95,1607,2557,1915,6564,ON
162,2026-05-21 14:52:57.078,32.7,6.05,4.040,1520,191.42,14.04,1606,2556,1914,6587,ON
163,2026-05-21 14:52:57.578,32.7,6.05,4.055,1530,191.33,14.13,1606,2556,1914,6573,ON
164,2026-05-21 14:52:58.078,32.7,6.05,4.042,1540,191.23,14.24,1606,2556,1913,6590,ON
165,2026-05-21 14:52:58.578,32.7,6.05,4.032,1550,191.15,14.31,1611,2566,1919,6643,ON
166,2026-05-21 14:52:59.078,32.8,6.06,4.033,1558,191.06,14.40,1613,2571,1923,6636,ON
167,2026-05-21 14:52:59.578,32.8,6.07,4.034,1568,190.98,14.48,1615,2572,1924,6638,ON
168,2026-05-21 14:53:00.078,32.8,6.07,4.033,1577,190.89,14.57,1616,2572,1925,6674,ON
169,2026-05-21 14:53:00.578,32.8,6.08,4.036,1586,190.81,14.65,1618,2574,1928,6662,ON
170,2026-05-21 14:53:01.078,32.9,6.07,4.037,1595,190.71,14.75,1619,2575,1929,6667,ON
171,2026-05-21 14:53:01.578,32.9,6.06,4.033,1605,190.63,14.83,1622,2580,1931,6634,ON
172,2026-05-21 14:53:02.078,32.9,6.07,4.030,1615,190.55,14.91,1621,2578,1935,6635,ON
173,2026-05-21 14:53:02.578,32.9,6.09,4.035,1621,190.46,15.00,1619,2577,1932,6609,ON
174,2026-05-21 14:53:03.078,32.9,6.08,4.039,1621,190.38,15.08,1619,2575,1930,6637,ON
175,2026-05-21 14:53:03.578,32.9,6.07,4.026,1621,190.29,15.17,1619,2577,1930,6641,ON
176,2026-05-21 14:53:04.078,32.9,6.10,4.034,1621,190.20,15.26,1625,2584,1936,6693,ON
177,2026-05-21 14:53:04.578,32.9,6.10,4.035,1673,190.12,15.34,1628,2588,1938,6684,ON
178,2026-05-21 14:53:05.078,32.9,6.11,4.029,1713,190.03,15.43,1627,2589,1938,6714,ON
179,2026-05-21 14:53:05.578,33.0,6.12,4.029,1722,189.95,15.51,1626,2586,1936,6673,ON
180,2026-05-21 14:53:06.078,33.0,6.12,4.024,1728,189.86,15.60,1627,2585,1935,6650,ON
181,2026-05-21 14:53:06.578,33.0,6.13,4.029,1731,189.78,15.68,1624,2584,1934,6655,ON
182,2026-05-21 14:53:07.078,33.0,6.13,4.028,1734,189.70,15.77,1622,2582,1933,6620,ON
183,2026-05-21 14:53:07.578,33.0,6.13,4.030,1742,189.61,15.85,1620,2578,1930,6631,ON
184,2026-05-21 14:53:08.078,33.1,6.12,4.024,1751,189.52,15.94,1624,2582,1933,6682,ON
185,2026-05-21 14:53:08.578,33.1,6.12,4.031,1760,189.44,16.02,1625,2584,1934,6675,ON
186,2026-05-21 14:53:09.078,33.1,6.12,4.029,1769,189.36,16.10,1623,2582,1933,6656,ON
187,2026-05-21 14:53:09.578,33.1,6.13,4.020,1778,189.27,16.19,1624,2585,1936,6721,ON
188,2026-05-21 14:53:10.078,33.1,6.13,4.030,1789,189.18,16.28,1626,2588,1938,6684,ON
189,2026-05-21 14:53:10.578,33.1,6.13,4.044,1800,189.10,16.36,1625,2587,1938,6653,ON
190,2026-05-21 14:53:11.078,33.1,6.10,4.041,1812,189.01,16.45,1623,2584,1936,6593,ON
191,2026-05-21 14:53:11.578,33.1,6.08,4.034,1821,188.93,16.53,1621,2581,1933,6636,ON
192,2026-05-21 14:53:12.078,33.2,6.10,4.026,1831,188.84,16.62,1623,2583,1936,6654,ON
193,2026-05-21 14:53:12.578,33.2,6.12,4.018,1841,188.76,16.70,1628,2587,1940,6707,ON
194,2026-05-21 14:53:13.078,33.2,6.14,4.024,1851,188.67,16.79,1628,2588,1940,6674,ON
195,2026-05-21 14:53:13.578,33.2,6.15,4.021,1860,188.58,16.88,1625,2584,1937,6664,ON
196,2026-05-21 14:53:14.078,33.2,6.17,4.030,1869,188.50,16.96,1622,2582,1935,6709,ON
197,2026-05-21 14:53:14.578,33.2,6.15,4.014,1877,188.41,17.05,1620,2580,1933,6658,ON
198,2026-05-21 14:53:15.078,33.2,6.16,4.015,1885,188.33,17.13,1623,2584,1935,6710,ON
199,2026-05-21 14:53:15.578,33.3,6.15,4.039,1894,188.24,17.22,1624,2585,1936,6632,ON
200,2026-05-21 14:53:16.078,33.3,6.14,4.027,1905,188.15,17.31,1624,2585,1936,6748,ON
201,2026-05-21 14:53:16.578,33.3,6.16,4.017,1919,188.07,17.39,1633,2598,1947,6681,ON
202,2026-05-21 14:53:17.078,33.3,6.16,4.027,1933,187.97,17.49,1635,2600,1948,6705,ON
203,2026-05-21 14:53:17.578,33.3,6.15,4.032,1945,187.89,17.58,1635,2599,1947,6670,ON
204,2026-05-21 14:53:18.078,33.3,6.15,4.021,1958,187.79,17.67,1631,2592,1943,6735,ON
205,2026-05-21 14:53:18.578,33.4,6.16,4.023,1970,187.71,17.75,1633,2594,1944,6713,ON
206,2026-05-21 14:53:19.078,33.4,6.17,4.030,1981,187.63,17.83,1634,2597,1945,6715,ON
207,2026-05-21 14:53:19.578,33.4,6.18,4.022,1990,187.54,17.92,1632,2594,1944,6682,ON
208,2026-05-21 14:53:20.078,33.4,6.18,4.023,1999,187.45,18.01,1630,2591,1941,6728,ON
209,2026-05-21 14:53:20.578,33.4,6.17,4.019,2010,187.36,18.10,1635,2599,1947,6641,ON
210,2026-05-21 14:53:21.078,33.4,6.19,4.018,2020,187.28,18.18,1634,2598,1948,6681,ON
211,2026-05-21 14:53:21.578,33.4,6.21,4.009,2029,187.19,18.27,1631,2594,1945,6685,ON
212,2026-05-21 14:53:22.078,33.4,6.23,4.010,2038,187.11,18.36,1629,2591,1943,6665,ON
213,2026-05-21 14:53:22.578,33.4,6.21,4.026,2048,187.02,18.44,1627,2586,1938,6654,ON
214,2026-05-21 14:53:23.078,33.5,6.20,4.020,2059,186.93,18.53,1629,2587,1939,6698,ON
215,2026-05-21 14:53:23.578,33.5,6.19,4.034,2069,186.85,18.61,1632,2591,1942,6706,ON
216,2026-05-21 14:53:24.078,33.5,6.18,4.030,2081,186.77,18.69,1630,2590,1942,6703,ON
217,2026-05-21 14:53:24.578,33.5,6.16,4.025,2091,186.68,18.78,1628,2586,1939,6624,ON
218,2026-05-21 14:53:25.078,33.5,6.18,4.010,2101,186.60,18.86,1627,2585,1938,6673,ON
219,2026-05-21 14:53:25.578,33.5,6.20,4.012,2110,186.51,18.96,1624,2582,1936,6564,ON
220,2026-05-21 14:53:26.078,33.6,6.20,4.026,2121,186.42,19.04,1622,2578,1933,6649,ON
221,2026-05-21 14:53:26.578,33.6,6.20,4.016,2133,186.34,19.12,1626,2583,1937,6692,ON
222,2026-05-21 14:53:27.078,33.6,6.21,4.010,2146,186.25,19.21,1631,2591,1943,6757,ON
223,2026-05-21 14:53:27.578,33.6,6.23,4.021,2157,186.16,19.30,1628,2590,1942,6651,ON
224,2026-05-21 14:53:28.078,33.6,6.22,4.021,2169,186.08,19.38,1623,2582,1936,6688,ON
225,2026-05-21 14:53:28.578,33.6,6.21,4.010,2180,185.99,19.47,1624,2582,1937,6701,ON
226,2026-05-21 14:53:29.078,33.7,6.23,4.026,2191,185.91,19.55,1631,2589,1942,6707,ON
227,2026-05-21 14:53:29.578,33.7,6.24,4.015,2202,185.82,19.64,1632,2592,1945,6665,ON
228,2026-05-21 14:53:30.078,33.7,6.24,4.022,2217,185.74,19.72,1628,2587,1940,6696,ON
229,2026-05-21 14:53:30.578,33.7,6.24,4.003,2230,185.65,19.81,1628,2587,1940,6722,ON
230,2026-05-21 14:53:31.078,33.7,6.24,4.010,2242,185.57,19.89,1627,2586,1940,6685,ON
231,2026-05-21 14:53:31.578,33.7,6.25,4.020,2252,185.47,19.99,1626,2586,1939,6664,ON
232,2026-05-21 14:53:32.078,33.7,6.23,4.019,2261,185.39,20.07,1624,2584,1939,6588,ON
233,2026-05-21 14:53:32.578,33.8,6.23,4.020,2271,185.31,20.16,1617,2574,1931,6587,ON
234,2026-05-21 14:53:33.078,33.8,6.24,4.014,2282,185.22,20.24,1619,2577,1935,6669,ON
235,2026-05-21 14:53:33.578,33.8,6.24,4.008,2294,185.13,20.33,1630,2589,1943,6718,ON
236,2026-05-21 14:53:34.078,33.8,6.24,4.016,2304,185.05,20.41,1633,2592,1946,6693,ON
237,2026-05-21 14:53:34.578,33.8,6.24,4.012,2313,184.97,20.50,1632,2588,1942,6711,ON
238,2026-05-21 14:53:35.078,33.8,6.25,4.008,2323,184.88,20.58,1632,2583,1939,6734,ON
239,2026-05-21 14:53:35.578,33.9,6.26,4.020,2333,184.80,20.66,1621,2572,1931,6612,ON
240,2026-05-21 14:53:36.078,33.9,6.25,4.013,2344,184.71,20.75,1617,2570,1930,6700,ON
241,2026-05-21 14:53:36.578,33.9,6.26,4.004,2353,184.62,20.84,1623,2580,1937,6666,ON
242,2026-05-21 14:53:37.078,33.9,6.27,4.001,2361,184.54,20.92,1625,2583,1939,6671,ON
243,2026-05-21 14:53:37.578,33.9,6.30,4.014,2371,184.45,21.01,1627,2586,1941,6664,ON
244,2026-05-21 14:53:38.078,33.9,6.29,4.011,2380,184.37,21.09,1629,2588,1942,6691,ON
245,2026-05-21 14:53:38.578,33.9,6.30,4.006,2389,184.29,21.18,1629,2588,1943,6729,ON
246,2026-05-21 14:53:39.078,33.9,6.30,4.004,2400,184.19,21.27,1632,2594,1947,6754,ON
247,2026-05-21 14:53:39.578,34.0,6.31,3.997,2409,184.10,21.36,1633,2594,1947,6733,ON
248,2026-05-21 14:53:40.078,34.0,6.32,4.000,2421,184.00,21.46,1634,2594,1947,6783,ON
249,2026-05-21 14:53:40.578,34.0,6.32,4.003,2435,183.93,21.53,1637,2601,1951,6692,ON
250,2026-05-21 14:53:41.078,34.0,6.32,4.008,2451,183.84,21.62,1635,2596,1948,6671,ON
251,2026-05-21 14:53:41.578,34.0,6.30,4.011,2463,183.75,21.71,1632,2591,1945,6656,ON
252,2026-05-21 14:53:42.078,34.0,6.29,4.015,2476,183.66,21.80,1632,2591,1944,6585,ON
253,2026-05-21 14:53:42.578,34.0,6.29,4.008,2492,183.58,21.88,1641,2603,1953,6779,ON
254,2026-05-21 14:53:43.078,34.0,6.29,4.004,2506,183.50,21.96,1646,2612,1960,6757,ON
255,2026-05-21 14:53:43.578,34.1,6.31,4.001,2517,183.41,22.06,1649,2614,1963,6831,ON
256,2026-05-21 14:53:44.078,34.1,6.31,4.004,2525,183.32,22.14,1652,2620,1966,6785,ON
257,2026-05-21 14:53:44.578,34.1,6.32,4.007,2533,183.23,22.23,1654,2623,1967,6813,ON
258,2026-05-21 14:53:45.078,34.1,6.31,4.003,2541,183.15,22.31,1654,2625,1969,6792,ON
259,2026-05-21 14:53:45.578,34.1,6.32,4.001,2550,183.07,22.40,1655,2628,1971,6798,ON
260,2026-05-21 14:53:46.078,34.1,6.33,4.008,2561,182.98,22.48,1657,2630,1973,6750,ON
261,2026-05-21 14:53:46.578,34.2,6.33,4.001,2572,182.89,22.57,1656,2628,1971,6770,ON
262,2026-05-21 14:53:47.078,34.1,6.33,4.002,2581,182.81,22.65,1661,2635,1977,6817,ON
263,2026-05-21 14:53:47.578,34.2,6.34,4.015,2590,182.72,22.75,1662,2638,1979,6846,ON
264,2026-05-21 14:53:48.078,34.2,6.33,4.006,2599,182.63,22.83,1663,2635,1977,6858,ON
265,2026-05-21 14:53:48.578,34.2,6.32,4.005,2609,182.55,22.91,1667,2639,1976,6887,ON
266,2026-05-21 14:53:49.078,34.2,6.33,3.998,2620,182.46,23.00,1670,2647,1976,6881,ON
267,2026-05-21 14:53:49.578,34.2,6.34,3.994,2632,182.38,23.08,1669,2645,1974,6909,ON
268,2026-05-21 14:53:50.078,34.2,6.35,3.996,2643,182.29,23.17,1661,2635,1971,6759,ON
269,2026-05-21 14:53:50.578,34.2,6.36,4.005,2656,182.20,23.26,1660,2635,1974,6842,ON
270,2026-05-21 14:53:51.078,34.2,6.35,3.991,2671,182.12,23.34,1666,2641,1980,6836,ON
271,2026-05-21 14:53:51.578,34.3,6.36,4.001,2683,182.03,23.43,1669,2646,1984,6825,ON
272,2026-05-21 14:53:52.078,34.3,6.37,3.993,2695,181.94,23.52,1670,2648,1986,6840,ON
273,2026-05-21 14:53:52.578,34.3,6.39,3.987,2708,181.86,23.60,1676,2657,1993,6872,ON
274,2026-05-21 14:53:53.078,34.3,6.39,3.993,2721,181.77,23.69,1680,2664,1999,6879,ON
275,2026-05-21 14:53:53.578,34.3,6.39,3.993,2732,181.69,23.77,1679,2664,1999,6908,ON
276,2026-05-21 14:53:54.078,34.3,6.39,3.997,2741,181.60,23.86,1682,2667,2000,6940,ON
277,2026-05-21 14:53:54.578,34.3,6.38,3.995,2752,181.51,23.95,1680,2663,1998,6907,ON
278,2026-05-21 14:53:55.078,34.4,6.37,3.984,2763,181.43,24.04,1681,2665,2000,6905,ON
279,2026-05-21 14:53:55.578,34.4,6.37,3.998,2777,181.35,24.12,1679,2662,1998,6853,ON
280,2026-05-21 14:53:56.078,34.4,6.37,4.003,2791,181.27,24.19,1676,2659,1996,6827,ON
281,2026-05-21 14:53:56.578,34.4,6.40,3.990,2802,181.18,24.28,1676,2658,1995,6847,ON
282,2026-05-21 14:53:57.078,34.4,6.41,3.975,2812,181.08,24.38,1677,2657,1994,6810,ON
283,2026-05-21 14:53:57.578,34.4,6.41,3.990,2820,181.00,24.46,1677,2655,1992,6851,ON
284,2026-05-21 14:53:58.078,34.4,6.41,3.991,2828,180.92,24.54,1675,2653,1991,6848,ON
285,2026-05-21 14:53:58.578,34.4,6.41,3.990,2838,180.83,24.63,1671,2646,1986,6871,ON
286,2026-05-21 14:53:59.078,34.5,6.42,3.999,2849,180.75,24.71,1666,2638,1980,6816,ON
287,2026-05-21 14:53:59.578,34.5,6.42,3.986,2858,180.66,24.80,1660,2630,1975,6787,ON
288,2026-05-21 14:54:00.078,34.5,6.41,3.995,2867,180.58,24.88,1657,2628,1973,6769,ON
289,2026-05-21 14:54:00.578,34.5,6.41,3.993,2877,180.49,24.97,1655,2623,1970,6724,ON
290,2026-05-21 14:54:01.078,34.5,6.42,3.989,2887,180.40,25.06,1650,2615,1965,6720,ON
291,2026-05-21 14:54:01.578,34.5,6.43,3.984,2899,180.30,25.16,1652,2616,1966,6824,ON
292,2026-05-21 14:54:02.078,34.5,6.43,3.982,2911,180.22,25.24,1656,2621,1969,6807,ON
293,2026-05-21 14:54:02.578,34.6,6.43,3.983,2922,180.14,25.33,1654,2620,1969,6808,ON
294,2026-05-21 14:54:03.078,34.6,6.44,3.997,2931,180.04,25.42,1650,2616,1965,6772,ON
295,2026-05-21 14:54:03.578,34.6,6.42,3.995,2941,179.96,25.50,1648,2613,1963,6766,ON
296,2026-05-21 14:54:04.078,34.6,6.41,3.982,2952,179.87,25.59,1652,2617,1967,6790,ON
297,2026-05-21 14:54:04.578,34.6,6.43,3.985,2964,179.79,25.67,1655,2623,1973,6757,ON
298,2026-05-21 14:54:05.078,34.6,6.44,3.985,2976,179.71,25.76,1661,2631,1978,6826,ON
299,2026-05-21 14:54:05.578,34.6,6.45,3.987,2988,179.62,25.84,1666,2637,1982,6793,ON
300,2026-05-21 14:54:06.078,34.6,6.46,3.985,3000,179.53,25.93,1665,2637,1982,6793,ON
301,2026-05-21 14:54:06.578,34.7,6.46,3.992,3010,179.45,26.01,1668,2642,1984,6831,ON
302,2026-05-21 14:54:07.078,34.7,6.46,3.986,3020,179.36,26.10,1667,2642,1985,6874,ON
303,2026-05-21 14:54:07.578,34.7,6.46,3.983,3030,179.27,26.19,1670,2646,1988,6888,ON
304,2026-05-21 14:54:08.078,34.7,6.47,3.979,3040,179.19,26.27,1671,2647,1989,6874,ON
305,2026-05-21 14:54:08.578,34.7,6.48,3.987,3052,179.10,26.36,1668,2642,1985,6837,ON
306,2026-05-21 14:54:09.078,34.7,6.47,3.976,3066,179.02,26.44,1669,2644,1986,6790,ON
307,2026-05-21 14:54:09.578,34.7,6.49,3.977,3081,178.94,26.52,1665,2636,1981,6754,ON
308,2026-05-21 14:54:10.078,34.7,6.51,3.971,3098,178.84,26.62,1660,2629,1976,6757,ON
309,2026-05-21 14:54:10.578,34.7,6.52,3.978,3113,178.76,26.71,1658,2625,1973,6744,ON
310,2026-05-21 14:54:11.078,34.8,6.50,3.983,3125,178.67,26.79,1656,2623,1972,6757,ON
311,2026-05-21 14:54:11.578,34.8,6.49,3.986,3134,178.59,26.87,1658,2625,1974,6825,ON
312,2026-05-21 14:54:12.078,34.8,6.49,3.985,3145,178.50,26.96,1658,2624,1972,6771,ON
313,2026-05-21 14:54:12.578,34.8,6.50,3.973,3154,178.42,27.04,1655,2620,1970,6826,ON
314,2026-05-21 14:54:13.078,34.8,6.51,3.984,3164,178.33,27.13,1661,2629,1976,6824,ON
315,2026-05-21 14:54:13.578,34.8,6.52,3.971,3174,178.24,27.22,1664,2634,1979,6825,ON
316,2026-05-21 14:54:14.078,34.9,6.53,3.976,3184,178.16,27.30,1665,2636,1981,6800,ON
317,2026-05-21 14:54:14.578,34.9,6.54,3.961,3195,178.07,27.39,1669,2643,1986,6868,ON
318,2026-05-21 14:54:15.078,34.9,6.54,3.980,3206,177.98,27.48,1675,2651,1991,6766,ON
319,2026-05-21 14:54:15.578,34.9,6.53,3.967,3218,177.90,27.56,1673,2649,1990,6794,ON
320,2026-05-21 14:54:16.078,34.9,6.56,3.979,3229,177.81,27.65,1676,2652,1991,6916,ON
321,2026-05-21 14:54:16.578,34.9,6.55,3.972,3240,177.73,27.73,1676,2653,1993,6863,ON
322,2026-05-21 14:54:17.078,34.9,6.55,3.978,3252,177.64,27.82,1675,2652,1992,6927,ON
323,2026-05-21 14:54:17.578,34.9,6.54,3.979,3263,177.56,27.90,1680,2659,1997,6965,ON
324,2026-05-21 14:54:18.078,35.0,6.54,3.976,3274,177.47,27.99,1684,2665,2000,6924,ON
325,2026-05-21 14:54:18.578,35.0,6.54,3.980,3287,177.39,28.08,1688,2673,2006,6930,ON
326,2026-05-21 14:54:19.078,35.0,6.53,3.973,3299,177.30,28.16,1691,2677,2010,6904,ON
327,2026-05-21 14:54:19.578,35.0,6.54,3.973,3313,177.21,28.25,1691,2678,2010,6913,ON
328,2026-05-21 14:54:20.078,35.0,6.55,3.970,3327,177.12,28.34,1691,2677,2009,6837,ON
329,2026-05-21 14:54:20.578,35.0,6.56,3.968,3340,177.04,28.42,1691,2678,2010,6964,ON
330,2026-05-21 14:54:21.078,35.0,6.57,3.980,3354,176.96,28.50,1695,2683,2014,6971,ON
331,2026-05-21 14:54:21.578,35.0,6.56,3.973,3367,176.87,28.59,1697,2686,2017,6981,ON
332,2026-05-21 14:54:22.078,35.0,6.56,3.968,3378,176.79,28.67,1697,2685,2016,7035,ON
333,2026-05-21 14:54:22.578,35.1,6.58,3.959,3389,176.68,28.78,1696,2682,2014,6955,ON
334,2026-05-21 14:54:23.078,35.1,6.60,3.977,3402,176.59,28.87,1692,2676,2010,6912,ON
335,2026-05-21 14:54:23.578,35.1,6.62,3.961,3415,176.52,28.94,1690,2675,2001,6846,ON
336,2026-05-21 14:54:24.078,35.1,6.63,3.951,3426,176.42,29.04,1682,2662,1994,6822,ON
337,2026-05-21 14:54:24.578,35.1,6.63,3.960,3436,176.34,29.12,1678,2656,1993,6840,ON
338,2026-05-21 14:54:25.078,35.1,6.63,3.959,3445,176.26,29.20,1680,2657,1996,6844,ON
339,2026-05-21 14:54:25.578,35.1,6.63,3.960,3453,176.17,29.29,1686,2668,2003,6925,ON
340,2026-05-21 14:54:26.078,35.1,6.62,3.967,3463,176.08,29.38,1686,2668,2004,6876,ON
341,2026-05-21 14:54:26.578,35.2,6.63,3.956,3473,176.00,29.46,1683,2663,2001,6969,ON
342,2026-05-21 14:54:27.078,35.2,6.63,3.967,3484,175.92,29.55,1685,2665,2003,6923,ON
343,2026-05-21 14:54:27.578,35.2,6.64,3.962,3496,175.83,29.64,1686,2666,2004,6934,ON
344,2026-05-21 14:54:28.078,35.2,6.64,3.962,3510,175.74,29.72,1689,2673,2008,6937,ON
345,2026-05-21 14:54:28.578,35.2,6.64,3.958,3523,175.66,29.80,1692,2677,2011,6857,ON
346,2026-05-21 14:54:29.078,35.2,6.66,3.959,3533,175.57,29.89,1691,2673,2009,6892,ON
347,2026-05-21 14:54:29.578,35.2,6.66,3.958,3541,175.49,29.97,1691,2676,2010,6906,ON
348,2026-05-21 14:54:30.078,35.2,6.66,3.960,3552,175.40,30.06,1693,2680,2013,6926,ON
349,2026-05-21 14:54:30.578,35.2,6.67,3.953,3562,175.32,30.14,1695,2684,2016,6880,ON
350,2026-05-21 14:54:31.078,35.2,6.68,3.953,3573,175.22,30.24,1693,2679,2012,6964,ON
351,2026-05-21 14:54:31.578,35.2,6.69,3.953,3584,175.14,30.32,1695,2682,2015,6962,ON
352,2026-05-21 14:54:32.078,35.2,6.70,3.955,3596,175.06,30.40,1698,2686,2017,7007,ON
353,2026-05-21 14:54:32.578,35.3,6.68,3.965,3608,174.97,30.49,1701,2692,2023,6972,ON
354,2026-05-21 14:54:33.078,35.3,6.68,3.953,3619,174.88,30.58,1703,2693,2023,6841,ON
355,2026-05-21 14:54:33.578,35.3,6.69,3.946,3632,174.80,30.66,1697,2681,2014,6865,ON
356,2026-05-21 14:54:34.078,35.3,6.70,3.955,3645,174.71,30.75,1694,2676,2012,6864,ON
357,2026-05-21 14:54:34.578,35.3,6.68,3.962,3657,174.63,30.83,1693,2675,2011,6871,ON
358,2026-05-21 14:54:35.078,35.4,6.67,3.945,3670,174.54,30.92,1693,2674,2012,6880,ON
359,2026-05-21 14:54:35.578,35.4,6.69,3.953,3680,174.46,31.00,1695,2676,2013,6918,ON
360,2026-05-21 14:54:36.078,35.4,6.71,3.942,3691,174.37,31.09,1700,2685,2018,7004,ON
361,2026-05-21 14:54:36.578,35.4,6.74,3.949,3699,174.28,31.18,1705,2694,2024,7036,ON
362,2026-05-21 14:54:37.078,35.4,6.74,3.951,3710,174.20,31.26,1707,2697,2027,7041,ON
363,2026-05-21 14:54:37.578,35.4,6.74,3.947,3720,174.11,31.35,1709,2699,2028,7076,ON
364,2026-05-21 14:54:38.078,35.4,6.75,3.947,3731,174.03,31.44,1704,2693,2023,6909,ON
365,2026-05-21 14:54:38.578,35.4,6.76,3.960,3742,173.94,31.52,1701,2688,2020,6933,ON
366,2026-05-21 14:54:39.078,35.4,6.76,3.939,3753,173.85,31.61,1700,2686,2019,6892,ON
367,2026-05-21 14:54:39.578,35.5,6.77,3.943,3765,173.75,31.71,1698,2683,2017,6912,ON
368,2026-05-21 14:54:40.078,35.5,6.77,3.943,3778,173.66,31.80,1698,2682,2015,6908,ON
369,2026-05-21 14:54:40.578,35.5,6.77,3.939,3793,173.58,31.88,1701,2688,2020,6957,ON
370,2026-05-21 14:54:41.078,35.5,6.76,3.948,3806,173.49,31.97,1702,2689,2021,6959,ON
371,2026-05-21 14:54:41.578,35.5,6.76,3.944,3818,173.41,32.05,1703,2690,2021,6987,ON
372,2026-05-21 14:54:42.078,35.5,6.76,3.956,3829,173.32,32.14,1703,2691,2022,6969,ON
373,2026-05-21 14:54:42.578,35.5,6.75,3.947,3842,173.23,32.23,1698,2684,2017,6946,ON
374,2026-05-21 14:54:43.078,35.5,6.75,3.949,3852,173.15,32.31,1691,2671,2008,6879,ON
375,2026-05-21 14:54:43.578,35.6,6.76,3.934,3862,173.06,32.40,1687,2664,2004,6902,ON
376,2026-05-21 14:54:44.078,35.6,6.78,3.937,3873,172.97,32.49,1688,2665,2006,6873,ON
377,2026-05-21 14:54:44.578,35.6,6.80,3.940,3885,172.89,32.57,1686,2663,2005,6845,ON
378,2026-05-21 14:54:45.078,35.6,6.82,3.924,3896,172.81,32.65,1686,2664,2005,6880,ON
379,2026-05-21 14:54:45.578,35.6,6.84,3.938,3907,172.72,32.74,1690,2669,2009,6918,ON
380,2026-05-21 14:54:46.078,35.6,6.83,3.945,3921,172.63,32.83,1691,2671,2010,6909,ON
381,2026-05-21 14:54:46.578,35.6,6.83,3.937,3934,172.55,32.91,1690,2671,2017,6991,ON
382,2026-05-21 14:54:47.078,35.6,6.85,3.927,3946,172.46,33.00,1696,2686,2024,6936,ON
383,2026-05-21 14:54:47.578,35.7,6.86,3.928,3958,172.38,33.08,1703,2696,2029,7024,ON
384,2026-05-21 14:54:48.078,35.7,6.87,3.926,3970,172.29,33.17,1710,2702,2033,7045,ON
385,2026-05-21 14:54:48.578,35.7,6.87,3.937,3982,172.20,33.26,1714,2706,2035,7078,ON
386,2026-05-21 14:54:49.078,35.7,6.87,3.932,3996,172.12,33.34,1712,2702,2033,6998,ON
387,2026-05-21 14:54:49.578,35.7,6.88,3.926,4009,172.03,33.43,1711,2702,2034,6952,ON
388,2026-05-21 14:54:50.078,35.7,6.89,3.932,4024,171.95,33.52,1712,2704,2034,6977,ON
389,2026-05-21 14:54:50.578,35.7,6.90,3.915,4037,171.86,33.60,1711,2703,2033,6928,ON
390,2026-05-21 14:54:51.078,35.7,6.91,3.924,4048,171.77,33.69,1712,2702,2033,6978,ON
391,2026-05-21 14:54:51.578,35.7,6.92,3.919,4060,171.69,33.77,1710,2698,2032,6982,ON
392,2026-05-21 14:54:52.078,35.7,6.94,3.914,4070,171.61,33.86,1710,2697,2031,7020,ON
393,2026-05-21 14:54:52.578,35.7,6.95,3.929,4079,171.52,33.94,1712,2700,2033,7010,ON
394,2026-05-21 14:54:53.078,35.7,6.95,3.918,4087,171.43,34.03,1710,2698,2032,6976,ON
395,2026-05-21 14:54:53.578,35.8,6.96,3.915,4098,171.34,34.12,1706,2691,2028,7016,ON
396,2026-05-21 14:54:54.078,35.8,6.96,3.920,4110,171.26,34.20,1709,2696,2031,6974,ON
397,2026-05-21 14:54:54.578,35.8,6.96,3.907,4119,171.17,34.29,1706,2691,2027,6908,ON
398,2026-05-21 14:54:55.078,35.8,6.97,3.911,4129,171.09,34.37,1698,2679,2018,6925,ON
399,2026-05-21 14:54:55.578,35.8,6.98,3.906,4137,171.01,34.45,1695,2676,2016,6957,ON
400,2026-05-21 14:54:56.078,35.8,6.98,3.909,4148,170.91,34.55,1696,2674,2016,6846,ON
401,2026-05-21 14:54:56.578,35.8,6.99,3.914,4160,170.83,34.63,1689,2663,2009,6916,ON
402,2026-05-21 14:54:57.078,35.8,7.00,3.899,4175,170.74,34.72,1691,2666,2011,6878,ON
403,2026-05-21 14:54:57.578,35.9,7.03,3.901,4186,170.66,34.80,1689,2664,2010,6864,ON
404,2026-05-21 14:54:58.078,35.9,7.04,3.899,4195,170.56,34.90,1687,2662,2008,6814,ON
405,2026-05-21 14:54:58.578,35.9,7.05,3.908,4205,170.47,34.99,1689,2664,2010,6899,ON
406,2026-05-21 14:54:59.078,35.9,7.05,3.896,4218,170.39,35.07,1687,2662,2009,6894,ON
407,2026-05-21 14:54:59.578,35.9,7.07,3.896,4230,170.29,35.17,1686,2658,2007,6937,ON
408,2026-05-21 14:55:00.078,35.9,7.08,3.894,4236,170.21,35.26,1686,2657,2006,6918,ON
409,2026-05-21 14:55:00.578,35.9,7.09,3.888,4243,170.13,35.33,1686,2657,2006,6964,ON
410,2026-05-21 14:55:01.078,35.9,7.11,3.888,4252,170.04,35.42,1689,2662,2010,7024,ON
411,2026-05-21 14:55:01.578,35.9,7.12,3.884,4265,169.95,35.51,1703,2680,2024,7066,ON
412,2026-05-21 14:55:02.078,36.0,7.14,3.882,4281,169.87,35.59,1709,2688,2029,7010,ON
413,2026-05-21 14:55:02.578,36.0,7.15,3.873,4294,169.78,35.69,1712,2693,2034,6919,ON
414,2026-05-21 14:55:03.078,36.0,7.17,3.876,4305,169.69,35.77,1710,2690,2031,6945,ON
415,2026-05-21 14:55:03.578,36.0,7.19,3.873,4318,169.61,35.85,1707,2685,2027,6908,ON
416,2026-05-21 14:55:04.078,36.0,7.21,3.868,4330,169.52,35.94,1706,2683,2027,6948,ON
417,2026-05-21 14:55:04.578,36.0,7.23,3.857,4343,169.43,36.03,1707,2682,2029,6835,ON
418,2026-05-21 14:55:05.078,36.0,7.25,3.866,4359,169.35,36.11,1707,2680,2028,7007,ON
419,2026-05-21 14:55:05.578,36.0,7.26,3.866,4371,169.26,36.20,1711,2685,2032,7045,ON
420,2026-05-21 14:55:06.078,36.1,7.27,3.859,4382,169.18,36.29,1713,2691,2035,7028,ON
421,2026-05-21 14:55:06.578,36.1,7.28,3.864,4391,169.09,36.37,1711,2684,2033,6969,ON
422,2026-05-21 14:55:07.078,36.1,7.29,3.857,4399,169.00,36.46,1709,2674,2031,6955,ON
423,2026-05-21 14:55:07.578,36.1,7.31,3.843,4409,168.92,36.54,1704,2661,2028,6986,ON
424,2026-05-21 14:55:08.078,36.1,7.34,3.852,4420,168.82,36.64,1710,2673,2034,6951,ON
425,2026-05-21 14:55:08.578,36.1,7.36,3.845,4430,168.74,36.72,1709,2675,2033,6872,ON
426,2026-05-21 14:55:09.078,36.1,7.38,3.844,4437,168.65,36.81,1706,2673,2029,6923,ON
427,2026-05-21 14:55:09.578,36.1,7.41,3.829,4444,168.56,36.90,1705,2672,2026,6837,ON
428,2026-05-21 14:55:10.078,36.2,7.45,3.821,4454,168.49,36.98,1698,2655,2018,6875,ON
429,2026-05-21 14:55:10.578,36.2,7.48,3.819,4469,168.40,37.06,1694,2647,2014,6855,ON
430,2026-05-21 14:55:11.078,36.2,7.51,3.821,4480,168.31,37.15,1690,2638,2010,6895,ON
431,2026-05-21 14:55:11.578,36.2,7.53,3.811,4493,168.22,37.24,1687,2621,2007,6808,ON
432,2026-05-21 14:55:12.078,36.2,7.57,3.797,4504,168.13,37.33,1680,2596,2001,6796,ON
433,2026-05-21 14:55:12.578,36.2,7.63,3.795,4514,168.05,37.41,1675,2579,1997,6762,ON
434,2026-05-21 14:55:13.078,36.2,7.67,3.785,4524,167.96,37.50,1677,2574,1999,6773,ON
435,2026-05-21 14:55:13.578,36.2,7.71,3.783,4534,167.88,37.58,1675,2564,2002,6405,ON
436,2026-05-21 14:55:14.078,36.2,7.76,3.771,4546,167.80,37.67,1641,2478,1979,6256,ON
437,2026-05-21 14:55:14.578,36.2,7.83,3.732,4560,167.71,37.76,1614,2387,1959,6124,ON
438,2026-05-21 14:55:15.078,36.2,7.96,3.688,4571,167.63,37.83,1591,2311,1932,6047,ON
439,2026-05-21 14:55:15.578,36.2,8.15,3.653,4582,167.53,37.93,1570,2233,1911,5884,ON
440,2026-05-21 14:55:16.078,36.3,8.36,3.608,4591,167.45,38.01,1537,2122,1879,5528,ON
441,2026-05-21 14:55:16.578,36.3,9.11,3.547,4600,167.37,38.10,1494,1976,1840,5382,ON
442,2026-05-21 14:55:17.078,36.3,9.22,3.505,4606,167.27,38.19,1456,1851,1804,5119,ON
443,2026-05-21 14:55:17.578,36.3,9.39,3.449,4609,167.22,38.24,1425,1734,1778,5049,ON
444,2026-05-21 14:55:18.078,36.3,10.10,3.394,4611,167.09,38.37,1397,1650,1750,4903,ON
445,2026-05-21 14:55:18.578,36.3,10.19,3.363,4613,167.01,38.45,1378,1587,1731,4833,ON
446,2026-05-21 14:55:19.078,36.3,10.30,3.341,4617,166.92,38.54,1362,1541,1714,4764,ON
447,2026-05-21 14:55:19.578,36.3,10.44,3.282,4625,166.83,38.63,1348,1507,1699,4803,ON
448,2026-05-21 14:55:20.078,36.3,10.66,3.251,4634,166.74,38.72,1337,1485,1689,4749,ON
449,2026-05-21 14:55:20.578,36.4,11.19,3.216,4649,166.66,38.80,1333,1473,1685,4763,ON
450,2026-05-21 14:55:21.078,36.4,11.29,3.183,4670,166.58,38.88,1333,1469,1686,4728,ON
451,2026-05-21 14:55:21.578,36.4,11.42,3.166,4688,166.49,38.97,1331,1463,1684,4715,ON
452,2026-05-21 14:55:22.078,36.4,11.54,3.141,4704,166.41,39.05,1331,1461,1685,4645,ON
453,2026-05-21 14:55:22.578,36.4,11.66,3.141,4725,166.32,39.14,1330,1459,1684,4711,ON
454,2026-05-21 14:55:23.078,36.4,11.74,3.132,4748,166.24,39.22,1329,1455,1682,4703,ON
455,2026-05-21 14:55:23.578,36.4,11.81,3.120,4772,166.15,39.31,1324,1450,1677,4764,ON
456,2026-05-21 14:55:24.078,36.4,11.88,3.115,4793,166.06,39.40,1324,1447,1676,4704,ON
457,2026-05-21 14:55:24.578,36.4,11.94,3.103,4816,165.97,39.49,1323,1445,1673,4758,ON
458,2026-05-21 14:55:25.078,36.4,11.99,3.100,4847,165.88,39.58,1324,1446,1676,4759,ON
459,2026-05-21 14:55:25.578,36.4,12.04,3.100,4880,165.80,39.66,1325,1445,1677,4732,ON
460,2026-05-21 14:55:26.078,36.4,12.08,3.082,4920,165.71,39.75,1327,1447,1678,4649,ON
461,2026-05-21 14:55:26.578,36.4,12.12,3.090,4956,165.63,39.83,1321,1440,1672,4644,ON
462,2026-05-21 14:55:27.078,36.4,12.14,3.086,4989,165.54,39.92,1319,1437,1670,4665,ON
463,2026-05-21 14:55:27.578,36.4,12.16,3.078,5025,165.46,40.00,1318,1436,1669,4669,ON
464,2026-05-21 14:55:28.078,36.4,12.19,3.079,5054,165.37,40.09,1321,1439,1673,4708,ON
465,2026-05-21 14:55:28.578,36.4,12.21,3.079,5084,165.29,40.18,1324,1443,1676,4724,ON
466,2026-05-21 14:55:29.078,36.4,12.22,3.072,5120,165.20,40.26,1326,1446,1678,4720,ON
467,2026-05-21 14:55:29.578,36.4,12.25,3.064,5153,165.11,40.35,1329,1447,1681,4777,ON
468,2026-05-21 14:55:30.078,36.4,12.27,3.075,5181,165.03,40.43,1333,1452,1686,4757,ON
469,2026-05-21 14:55:30.578,36.4,12.28,3.073,5206,164.94,40.52,1333,1451,1686,4663,ON
470,2026-05-21 14:55:31.078,36.4,12.30,3.065,5231,164.86,40.61,1327,1443,1678,4637,ON
471,2026-05-21 14:55:31.578,36.4,12.32,3.052,5253,164.77,40.69,1327,1443,1678,4709,ON
472,2026-05-21 14:55:32.078,36.4,12.35,3.053,5277,164.68,40.78,1327,1443,1678,4687,ON
473,2026-05-21 14:55:32.578,36.4,12.36,3.058,5298,164.60,40.86,1327,1442,1677,4734,ON
474,2026-05-21 14:55:33.078,36.4,12.38,3.047,5319,164.52,40.95,1328,1444,1679,4740,ON
475,2026-05-21 14:55:33.578,36.5,12.40,3.049,5340,164.42,41.04,1328,1443,1679,4794,ON
476,2026-05-21 14:55:34.078,36.5,12.41,3.046,5365,164.34,41.12,1332,1448,1684,4786,ON
477,2026-05-21 14:55:34.578,36.5,12.43,3.047,5390,164.25,41.21,1332,1449,1684,4748,ON
478,2026-05-21 14:55:35.078,36.5,12.44,3.034,5410,164.16,41.30,1331,1447,1683,4725,ON
479,2026-05-21 14:55:35.578,36.5,12.46,3.041,5432,164.08,41.38,1331,1445,1682,4712,ON
480,2026-05-21 14:55:36.078,36.5,12.47,3.037,5457,163.99,41.47,1330,1445,1683,4669,ON
481,2026-05-21 14:55:36.578,36.5,12.48,3.031,5482,163.89,41.57,1326,1441,1677,4679,ON
482,2026-05-21 14:55:37.078,36.5,12.51,3.031,5505,163.81,41.66,1327,1441,1678,4713,ON
483,2026-05-21 14:55:37.578,36.5,12.51,3.043,5530,163.72,41.74,1328,1441,1679,4735,ON
484,2026-05-21 14:55:38.078,36.5,12.51,3.035,5563,163.64,41.82,1328,1442,1680,4721,ON
485,2026-05-21 14:55:38.578,36.5,12.52,3.036,5596,163.54,41.92,1327,1441,1678,4716,ON
486,2026-05-21 14:55:39.078,36.5,12.52,3.036,5622,163.46,42.00,1326,1440,1678,4732,ON
487,2026-05-21 14:55:39.578,36.5,12.52,3.040,5647,163.37,42.09,1325,1439,1677,4725,ON
488,2026-05-21 14:55:40.078,36.5,12.53,3.028,5666,163.29,42.17,1327,1441,1678,4709,ON
489,2026-05-21 14:55:40.578,36.5,12.55,3.025,5683,163.21,42.26,1327,1440,1678,4645,ON
490,2026-05-21 14:55:41.078,36.5,12.56,3.036,5701,163.12,42.34,1322,1434,1671,4651,ON
491,2026-05-21 14:55:41.578,36.5,12.56,3.034,5722,163.03,42.43,1323,1436,1673,4709,ON
492,2026-05-21 14:55:42.078,36.5,12.56,3.036,5744,162.95,42.51,1326,1438,1676,4707,ON
493,2026-05-21 14:55:42.578,36.5,12.56,3.029,5772,162.87,42.59,1324,1438,1676,4710,ON
494,2026-05-21 14:55:43.078,36.5,12.58,3.020,5797,162.78,42.68,1323,1435,1673,4766,ON
495,2026-05-21 14:55:43.578,36.5,12.59,3.011,5821,162.69,42.77,1325,1439,1677,4789,ON
496,2026-05-21 14:55:44.078,36.5,12.62,3.016,5848,162.60,42.86,1326,1440,1677,4752,ON
497,2026-05-21 14:55:44.578,36.5,12.64,3.009,5875,162.51,42.95,1324,1439,1676,4726,ON
498,2026-05-21 14:55:45.078,36.5,12.65,3.018,5898,162.43,43.03,1326,1443,1679,4686,ON
499,2026-05-21 14:55:45.578,36.5,12.64,3.008,5917,162.34,43.12,1326,1440,1678,4666,ON
500,2026-05-21 14:55:46.078,36.5,12.64,3.013,5935,162.26,43.20,1322,1435,1673,4706,ON
501,2026-05-21 14:55:46.578,36.6,12.65,3.010,5951,162.17,43.29,1324,1437,1674,4712,ON
502,2026-05-21 14:55:47.078,36.6,12.65,3.023,5969,162.08,43.38,1329,1442,1680,4737,ON
503,2026-05-21 14:55:47.578,36.6,12.65,3.010,5991,162.01,43.45,1334,1448,1686,4753,ON
504,2026-05-21 14:55:48.078,36.6,12.66,3.005,6011,161.92,43.54,1339,1451,1689,4782,ON
505,2026-05-21 14:55:48.578,36.6,12.66,3.017,6032,161.83,43.63,1342,1455,1693,4799,ON
506,2026-05-21 14:55:49.078,36.6,12.66,3.018,6051,161.75,43.71,1341,1454,1693,4784,ON
507,2026-05-21 14:55:49.578,36.6,12.67,3.009,6069,161.66,43.80,1341,1454,1692,4776,ON
508,2026-05-21 14:55:50.078,36.6,12.69,3.009,6086,161.57,43.89,1340,1453,1692,4707,ON
509,2026-05-21 14:55:50.578,36.6,12.69,3.000,6101,161.49,43.97,1340,1452,1691,4749,ON
510,2026-05-21 14:55:51.078,36.6,12.70,3.002,6118,161.40,44.06,1341,1454,1693,4723,ON
511,2026-05-21 14:55:51.578,36.6,12.71,3.001,6136,161.32,44.14,1340,1452,1691,4714,ON
512,2026-05-21 14:55:52.078,36.6,12.70,3.018,6157,161.23,44.23,1338,1452,1691,4722,ON
513,2026-05-21 14:55:52.578,36.6,12.70,3.010,6175,161.14,44.32,1341,1456,1694,4777,ON
514,2026-05-21 14:55:53.078,36.6,12.71,3.005,6198,161.06,44.41,1342,1458,1695,4780,ON
515,2026-05-21 14:55:53.578,36.6,12.71,3.005,6225,160.97,44.49,1337,1452,1689,4753,ON
516,2026-05-21 14:55:54.078,36.6,12.72,3.003,6250,160.88,44.58,1338,1451,1689,4762,ON
517,2026-05-21 14:55:54.578,36.6,12.72,3.003,6270,160.80,44.66,1339,1453,1691,4762,ON
518,2026-05-21 14:55:55.078,36.6,12.74,2.993,6293,160.72,44.74,1340,1453,1693,4760,ON
519,2026-05-21 14:55:55.578,36.6,12.76,2.989,6317,160.63,44.84,1341,1454,1693,4687,ON
520,2026-05-21 14:55:56.078,36.6,12.76,3.003,6342,160.54,44.92,1339,1452,1690,4734,ON
521,2026-05-21 14:55:56.578,36.6,12.75,3.010,6365,160.44,45.02,1338,1452,1690,4693,ON
522,2026-05-21 14:55:57.078,36.6,12.75,2.990,6395,160.36,45.10,1337,1451,1690,4746,ON
523,2026-05-21 14:55:57.578,36.6,12.76,2.994,6429,160.26,45.20,1340,1454,1694,4787,ON
524,2026-05-21 14:55:58.078,36.6,12.76,3.007,6457,160.18,45.28,1343,1464,1703,4789,ON
525,2026-05-21 14:55:58.578,36.6,12.75,2.992,6484,160.10,45.36,1350,1473,1712,4836,ON
526,2026-05-21 14:55:59.078,36.6,12.74,3.006,6508,160.00,45.46,1355,1475,1714,4834,ON
527,2026-05-21 14:55:59.578,36.6,12.73,3.004,6533,159.92,45.54,1356,1475,1713,4882,ON
528,2026-05-21 14:56:00.078,36.6,12.74,2.985,6555,159.83,45.63,1357,1475,1713,4840,ON
529,2026-05-21 14:56:00.578,36.6,12.75,2.996,6578,159.75,45.71,1359,1477,1715,4872,ON
530,2026-05-21 14:56:01.078,36.6,12.76,2.993,6599,159.66,45.80,1363,1480,1719,4801,ON
531,2026-05-21 14:56:01.578,36.6,12.77,3.000,6618,159.58,45.88,1360,1475,1714,4772,ON
532,2026-05-21 14:56:02.078,36.6,12.77,2.994,6634,159.50,45.97,1359,1473,1711,4805,ON
533,2026-05-21 14:56:02.578,36.6,12.77,3.000,6650,159.41,46.05,1360,1475,1713,4801,ON
534,2026-05-21 14:56:03.078,36.6,12.76,2.997,6670,159.32,46.14,1361,1477,1714,4817,ON
535,2026-05-21 14:56:03.578,36.6,12.78,2.987,6691,159.24,46.22,1359,1475,1712,4811,ON
536,2026-05-21 14:56:04.078,36.6,12.79,2.998,6715,159.15,46.31,1357,1473,1710,4840,ON
537,2026-05-21 14:56:04.578,36.6,12.79,2.990,6744,159.07,46.39,1356,1471,1708,4833,ON
538,2026-05-21 14:56:05.078,36.6,12.80,2.990,6769,158.97,46.49,1356,1471,1708,4852,ON
539,2026-05-21 14:56:05.578,36.6,12.80,2.993,6794,158.89,46.57,1359,1474,1712,4842,ON
540,2026-05-21 14:56:06.078,36.6,12.80,2.991,6815,158.81,46.65,1359,1474,1711,4777,ON
541,2026-05-21 14:56:06.578,36.6,12.80,2.994,6835,158.72,46.74,1358,1475,1711,4779,ON
542,2026-05-21 14:56:07.078,36.6,12.80,2.983,6856,158.64,46.82,1360,1476,1711,4779,ON
543,2026-05-21 14:56:07.578,36.6,12.82,2.989,6877,158.55,46.92,1358,1474,1707,4778,ON
544,2026-05-21 14:56:08.078,36.7,12.82,2.990,6898,158.46,47.00,1360,1475,1711,4816,ON
545,2026-05-21 14:56:08.578,36.7,12.83,2.981,6918,158.37,47.09,1362,1477,1713,4828,ON
546,2026-05-21 14:56:09.078,36.6,12.84,2.982,6940,158.27,47.19,1361,1477,1713,4846,ON
547,2026-05-21 14:56:09.578,36.7,12.84,2.989,6966,158.19,47.28,1361,1478,1714,4851,ON
548,2026-05-21 14:56:10.078,36.7,12.83,2.982,6994,158.10,47.36,1361,1477,1713,4913,ON
549,2026-05-21 14:56:10.578,36.7,12.83,2.986,7024,158.02,47.44,1364,1481,1717,4894,ON
550,2026-05-21 14:56:11.078,36.7,12.84,2.977,7048,157.93,47.53,1365,1482,1718,4849,ON
551,2026-05-21 14:56:11.578,36.7,12.85,2.978,7067,157.84,47.62,1363,1480,1716,4820,ON
552,2026-05-21 14:56:12.078,36.7,12.86,2.976,7091,157.76,47.70,1357,1474,1710,4771,ON
553,2026-05-21 14:56:12.578,36.7,12.86,2.981,7117,157.67,47.79,1351,1467,1702,4766,ON
554,2026-05-21 14:56:13.078,36.7,12.86,2.975,7147,157.59,47.87,1350,1465,1701,4735,ON
555,2026-05-21 14:56:13.578,36.7,12.87,2.981,7180,157.50,47.96,1348,1463,1699,4750,ON
556,2026-05-21 14:56:14.078,36.7,12.87,2.988,7207,157.41,48.05,1350,1466,1702,4794,ON
557,2026-05-21 14:56:14.578,36.7,12.85,2.982,7230,157.33,48.13,1350,1467,1701,4794,ON
558,2026-05-21 14:56:15.078,36.7,12.86,2.979,7253,157.24,48.22,1351,1467,1701,4793,ON
559,2026-05-21 14:56:15.578,36.7,12.87,2.977,7275,157.16,48.30,1349,1467,1701,4838,ON
560,2026-05-21 14:56:16.078,36.7,12.88,2.979,7297,157.07,48.39,1350,1469,1703,4816,ON
561,2026-05-21 14:56:16.578,36.7,12.88,2.963,7316,156.98,48.48,1351,1470,1704,4830,ON
562,2026-05-21 14:56:17.078,36.7,12.90,2.963,7336,156.91,48.55,1354,1472,1706,4738,ON
563,2026-05-21 14:56:17.578,36.7,12.90,2.978,7354,156.82,48.64,1349,1466,1700,4729,ON
564,2026-05-21 14:56:18.078,36.7,12.89,2.973,7369,156.72,48.74,1348,1466,1700,4766,ON
565,2026-05-21 14:56:18.578,36.7,12.88,2.983,7382,156.64,48.82,1349,1467,1701,4776,ON
566,2026-05-21 14:56:19.078,36.7,12.88,2.961,7394,156.55,48.91,1348,1466,1699,4779,ON
567,2026-05-21 14:56:19.578,36.7,12.90,2.975,7409,156.47,48.99,1352,1470,1704,4832,ON
568,2026-05-21 14:56:20.078,36.7,12.90,2.979,7426,156.38,49.08,1353,1470,1704,4787,ON
569,2026-05-21 14:56:20.578,36.7,12.90,2.968,7450,156.29,49.17,1350,1467,1702,4804,ON
570,2026-05-21 14:56:21.078,36.7,12.91,2.973,7475,156.21,49.25,1348,1466,1701,4806,ON
571,2026-05-21 14:56:21.578,36.7,12.91,2.975,7497,156.12,49.34,1346,1465,1699,4822,ON
572,2026-05-21 14:56:22.078,36.7,12.91,2.960,7523,156.04,49.42,1348,1466,1700,4819,ON
573,2026-05-21 14:56:22.578,36.7,12.92,2.969,7550,155.95,49.51,1343,1461,1694,4758,ON
574,2026-05-21 14:56:23.078,36.7,12.93,2.976,7576,155.85,49.61,1341,1459,1693,4766,ON
575,2026-05-21 14:56:23.578,36.7,12.93,2.965,7597,155.77,49.69,1342,1461,1695,4699,ON
576,2026-05-21 14:56:24.078,36.7,12.93,2.979,7620,155.68,49.78,1343,1461,1695,4744,ON
577,2026-05-21 14:56:24.578,36.7,12.93,2.968,7641,155.59,49.87,1345,1463,1698,4769,ON
578,2026-05-21 14:56:25.078,36.7,12.92,2.984,7665,155.50,49.96,1341,1459,1693,4747,ON
579,2026-05-21 14:56:25.578,36.7,12.91,2.971,7691,155.43,50.03,1341,1459,1693,4804,ON
580,2026-05-21 14:56:26.078,36.7,12.91,2.972,7720,155.33,50.13,1345,1465,1699,4802,ON
581,2026-05-21 14:56:26.578,36.7,12.92,2.982,7756,155.25,50.21,1348,1468,1702,4769,ON
582,2026-05-21 14:56:27.078,36.7,12.91,2.975,7787,155.16,50.30,1345,1464,1696,4837,ON
583,2026-05-21 14:56:27.578,36.7,12.91,2.981,7817,155.08,50.38,1350,1469,1703,4852,ON
584,2026-05-21 14:56:28.078,36.7,12.92,2.971,7848,154.99,50.47,1352,1471,1704,4821,ON
585,2026-05-21 14:56:28.578,36.7,12.93,2.965,7876,154.91,50.55,1349,1469,1703,4766,ON
586,2026-05-21 14:56:29.078,36.7,12.94,2.966,7902,154.83,50.64,1346,1466,1699,4704,ON
587,2026-05-21 14:56:29.578,36.7,12.95,2.963,7927,154.74,50.73,1343,1462,1695,4730,ON
588,2026-05-21 14:56:30.078,36.7,12.96,2.965,7948,154.65,50.81,1344,1462,1694,4750,ON
589,2026-05-21 14:56:30.578,36.7,12.97,2.971,7969,154.57,50.90,1344,1463,1694,4787,ON
590,2026-05-21 14:56:31.078,36.7,12.96,2.970,7989,154.48,50.98,1344,1465,1697,4772,ON
591,2026-05-21 14:56:31.578,36.7,12.96,2.975,8009,154.39,51.07,1345,1467,1698,4827,ON
592,2026-05-21 14:56:32.078,36.8,12.94,2.967,8033,154.31,51.16,1350,1472,1704,4850,ON
593,2026-05-21 14:56:32.578,36.8,12.94,2.970,8058,154.22,51.24,1351,1477,1710,4812,ON
594,2026-05-21 14:56:33.078,36.8,12.94,2.975,8080,154.14,51.33,1351,1477,1709,4840,ON
595,2026-05-21 14:56:33.578,36.8,12.93,2.964,8101,154.05,51.41,1352,1475,1707,4800,ON
596,2026-05-21 14:56:34.078,36.8,12.94,2.965,8122,153.96,51.50,1351,1473,1704,4830,ON
597,2026-05-21 14:56:34.578,36.8,12.94,2.972,8138,153.88,51.59,1354,1477,1707,4766,ON
598,2026-05-21 14:56:35.078,36.8,12.95,2.959,8154,153.79,51.67,1353,1475,1705,4794,ON
599,2026-05-21 14:56:35.578,36.8,12.96,2.967,8172,153.69,51.77,1351,1472,1702,4799,ON
600,2026-05-21 14:56:36.078,36.8,12.96,2.965,8192,153.60,51.86,1350,1471,1701,4761,ON
601,2026-05-21 14:56:36.578,36.8,12.96,2.969,8217,153.51,51.95,1351,1471,1701,4856,ON
602,2026-05-21 14:56:37.078,36.8,12.95,2.982,8243,153.43,52.03,1351,1471,1702,4812,ON
603,2026-05-21 14:56:37.578,36.8,12.95,2.972,8270,153.35,52.11,1348,1468,1699,4823,ON
604,2026-05-21 14:56:38.078,36.8,12.96,2.959,8298,153.26,52.20,1347,1468,1697,4779,ON
605,2026-05-21 14:56:38.578,36.8,12.98,2.963,8324,153.18,52.29,1347,1468,1698,4803,ON
606,2026-05-21 14:56:39.078,36.8,12.97,2.973,8354,153.09,52.37,1347,1468,1700,4775,ON
607,2026-05-21 14:56:39.578,36.8,12.97,2.963,8380,153.01,52.46,1345,1466,1700,4776,ON
608,2026-05-21 14:56:40.078,36.8,12.97,2.961,8401,152.92,52.54,1351,1473,1704,4824,ON
609,2026-05-21 14:56:40.578,36.8,12.97,2.968,8422,152.83,52.63,1354,1477,1707,4802,ON
610,2026-05-21 14:56:41.078,36.8,12.96,2.962,8443,152.75,52.71,1359,1483,1712,4821,ON
611,2026-05-21 14:56:41.578,36.8,12.96,2.965,8465,152.66,52.80,1364,1487,1717,4857,ON
612,2026-05-21 14:56:42.078,36.8,12.97,2.960,8487,152.57,52.89,1365,1489,1719,4858,ON
613,2026-05-21 14:56:42.578,36.8,12.98,2.958,8510,152.49,52.97,1366,1490,1719,4865,ON
614,2026-05-21 14:56:43.078,36.8,13.00,2.953,8534,152.40,53.06,1366,1490,1718,4865,ON
615,2026-05-21 14:56:43.578,36.8,13.00,2.964,8565,152.31,53.15,1363,1487,1715,4777,ON
616,2026-05-21 14:56:44.078,36.8,12.99,2.962,8597,152.23,53.23,1356,1480,1707,4795,ON
617,2026-05-21 14:56:44.578,36.8,12.99,2.960,8625,152.14,53.32,1354,1478,1706,4815,ON
618,2026-05-21 14:56:45.078,36.8,13.00,2.958,8651,152.06,53.40,1355,1478,1716,4782,ON
619,2026-05-21 14:56:45.578,36.8,13.01,2.961,8676,151.97,53.49,1363,1487,1722,4865,ON
620,2026-05-21 14:56:46.078,36.9,13.00,2.957,8700,151.88,53.58,1366,1492,1723,4840,ON
621,2026-05-21 14:56:46.578,36.9,13.01,2.967,8727,151.80,53.66,1370,1497,1726,4863,ON
622,2026-05-21 14:56:47.078,36.8,12.99,2.975,8756,151.71,53.75,1372,1499,1727,4842,ON
623,2026-05-21 14:56:47.578,36.8,12.98,2.964,8782,151.61,53.85,1372,1500,1727,4870,ON
624,2026-05-21 14:56:48.078,36.8,12.98,2.949,8803,151.53,53.93,1370,1497,1725,4898,ON
625,2026-05-21 14:56:48.578,36.8,13.00,2.956,8820,151.44,54.02,1371,1498,1725,4956,ON
626,2026-05-21 14:56:49.078,36.8,13.01,2.963,8834,151.35,54.11,1372,1499,1725,4908,ON
627,2026-05-21 14:56:49.578,36.9,13.00,2.959,8847,151.26,54.20,1366,1491,1717,4847,ON
628,2026-05-21 14:56:50.078,36.9,13.00,2.956,8860,151.18,54.28,1365,1491,1717,4890,ON
629,2026-05-21 14:56:50.578,36.9,13.01,2.960,8874,151.09,54.37,1366,1493,1719,4869,ON
630,2026-05-21 14:56:51.078,36.9,13.01,2.964,8892,151.01,54.45,1367,1495,1720,4803,ON
631,2026-05-21 14:56:51.578,36.9,13.00,2.966,8913,150.93,54.53,1366,1494,1719,4833,ON
632,2026-05-21 14:56:52.078,36.9,13.00,2.967,8943,150.84,54.62,1365,1493,1718,4841,ON
633,2026-05-21 14:56:52.578,36.9,13.01,2.957,8972,150.75,54.71,1366,1494,1719,4858,ON
634,2026-05-21 14:56:53.078,36.9,13.01,2.956,8999,150.66,54.80,1368,1496,1721,4851,ON
635,2026-05-21 14:56:53.578,36.9,13.00,2.966,9026,150.58,54.88,1366,1495,1719,4862,ON
636,2026-05-21 14:56:54.078,36.9,12.99,2.957,9052,150.49,54.97,1368,1497,1721,4897,ON
637,2026-05-21 14:56:54.578,36.9,13.00,2.959,9078,150.41,55.05,1371,1501,1725,4928,ON
638,2026-05-21 14:56:55.078,36.9,12.99,2.967,9110,150.33,55.13,1369,1498,1721,4872,ON
639,2026-05-21 14:56:55.578,36.9,12.99,2.960,9139,150.24,55.22,1368,1497,1720,4887,ON
640,2026-05-21 14:56:56.078,36.9,12.99,2.962,9168,150.15,55.31,1372,1502,1725,4901,ON
641,2026-05-21 14:56:56.578,36.9,12.99,2.965,9193,150.07,55.39,1374,1502,1724,4869,ON
642,2026-05-21 14:56:57.078,36.9,12.99,2.963,9215,149.98,55.48,1371,1500,1712,4842,ON
643,2026-05-21 14:56:57.578,36.9,13.00,2.960,9240,149.89,55.57,1368,1492,1704,4852,ON
644,2026-05-21 14:56:58.078,36.9,13.00,2.956,9267,149.81,55.65,1367,1490,1708,4811,ON
645,2026-05-21 14:56:58.578,36.9,13.01,2.952,9287,149.72,55.75,1361,1487,1707,4806,ON
646,2026-05-21 14:56:59.078,36.9,13.02,2.956,9306,149.63,55.83,1359,1489,1709,4850,ON
647,2026-05-21 14:56:59.578,36.9,13.03,2.956,9329,149.54,55.92,1361,1491,1712,4856,ON
648,2026-05-21 14:57:00.078,36.9,13.03,2.955,9356,149.46,56.00,1362,1492,1713,4905,ON
649,2026-05-21 14:57:00.578,36.9,13.02,2.961,9380,149.36,56.10,1366,1497,1718,4894,ON
650,2026-05-21 14:57:01.078,36.9,13.01,2.962,9398,149.28,56.18,1367,1498,1720,4890,ON
651,2026-05-21 14:57:01.578,36.9,13.01,2.957,9415,149.19,56.27,1369,1500,1722,4896,ON
652,2026-05-21 14:57:02.078,36.9,13.01,2.944,9438,149.10,56.36,1371,1504,1725,4870,ON
653,2026-05-21 14:57:02.578,36.9,13.02,2.950,9469,149.01,56.45,1370,1502,1723,4810,ON
654,2026-05-21 14:57:03.078,36.9,13.02,2.959,9495,148.92,56.54,1368,1500,1721,4857,ON
655,2026-05-21 14:57:03.578,36.9,13.02,2.957,9521,148.83,56.63,1367,1498,1719,4858,ON
656,2026-05-21 14:57:04.078,36.9,13.03,2.939,9552,148.75,56.71,1366,1498,1718,4855,ON
657,2026-05-21 14:57:04.578,36.9,13.04,2.957,9575,148.66,56.80,1367,1498,1718,4914,ON
658,2026-05-21 14:57:05.078,36.9,13.04,2.950,9595,148.57,56.89,1370,1503,1722,4910,ON
659,2026-05-21 14:57:05.578,36.9,13.05,2.949,9615,148.49,56.97,1372,1506,1725,4952,ON
660,2026-05-21 14:57:06.078,36.9,13.06,2.961,9635,148.40,57.06,1370,1504,1723,4874,ON
661,2026-05-21 14:57:06.578,36.9,13.04,2.957,9654,148.32,57.14,1367,1500,1719,4891,ON
662,2026-05-21 14:57:07.078,36.9,13.03,2.953,9671,148.23,57.24,1364,1496,1715,4869,ON
663,2026-05-21 14:57:07.578,36.9,13.04,2.959,9687,148.14,57.32,1361,1494,1712,4859,ON
664,2026-05-21 14:57:08.078,36.9,13.04,2.958,9701,148.06,57.41,1362,1495,1714,4817,ON
665,2026-05-21 14:57:08.578,36.9,13.04,2.949,9722,147.97,57.49,1360,1493,1711,4827,ON
666,2026-05-21 14:57:09.078,36.9,13.05,2.942,9747,147.88,57.58,1360,1494,1712,4894,ON
667,2026-05-21 14:57:09.578,36.9,13.06,2.951,9768,147.79,57.67,1370,1502,1713,4935,ON
668,2026-05-21 14:57:10.078,36.9,13.05,2.944,9793,147.71,57.75,1378,1501,1716,4939,ON
669,2026-05-21 14:57:10.578,36.9,13.04,2.962,9820,147.62,57.84,1374,1502,1718,4887,ON
670,2026-05-21 14:57:11.078,36.9,13.04,2.953,9846,147.53,57.93,1372,1503,1721,4926,ON
671,2026-05-21 14:57:11.578,36.9,13.04,2.956,9872,147.45,58.02,1373,1507,1725,4927,ON
672,2026-05-21 14:57:12.078,36.9,13.05,2.958,9895,147.36,58.10,1370,1505,1722,4887,ON
673,2026-05-21 14:57:12.578,36.9,13.03,2.947,9915,147.27,58.19,1367,1503,1719,4884,ON
674,2026-05-21 14:57:13.078,37.0,13.05,2.948,9932,147.19,58.27,1370,1505,1720,4808,ON
675,2026-05-21 14:57:13.578,37.0,13.06,2.938,9950,147.10,58.36,1371,1506,1723,4908,ON
676,2026-05-21 14:57:14.078,37.0,13.08,2.946,9972,147.01,58.45,1374,1510,1726,4893,ON
677,2026-05-21 14:57:14.578,37.0,13.09,2.946,9993,146.93,58.53,1377,1513,1730,4859,ON
678,2026-05-21 14:57:15.078,37.0,13.08,2.950,10016,146.84,58.62,1378,1516,1732,4911,ON
679,2026-05-21 14:57:15.578,37.0,13.08,2.948,10038,146.73,58.73,1379,1517,1733,4880,ON
680,2026-05-21 14:57:16.078,37.0,13.08,2.948,10062,146.65,58.81,1374,1511,1727,4874,ON
681,2026-05-21 14:57:16.578,37.0,13.08,2.948,10085,146.56,58.90,1375,1512,1727,4918,ON
682,2026-05-21 14:57:17.078,37.0,13.08,2.950,10113,146.47,58.99,1374,1510,1725,4870,ON
683,2026-05-21 14:57:17.578,37.0,13.09,2.945,10148,146.39,59.07,1373,1508,1723,4918,ON
684,2026-05-21 14:57:18.078,37.0,13.09,2.933,10174,146.30,59.16,1375,1511,1725,4927,ON
685,2026-05-21 14:57:18.578,37.0,13.09,2.947,10201,146.22,59.24,1372,1509,1722,4890,ON
686,2026-05-21 14:57:19.078,37.0,13.08,2.952,10229,146.13,59.33,1372,1510,1722,4891,ON
687,2026-05-21 14:57:19.578,37.0,13.07,2.949,10252,146.04,59.42,1372,1509,1722,4879,ON
688,2026-05-21 14:57:20.078,37.0,13.06,2.952,10274,145.96,59.50,1372,1508,1721,4859,ON
689,2026-05-21 14:57:20.578,37.0,13.06,2.956,10294,145.87,59.59,1371,1508,1722,4876,ON
690,2026-05-21 14:57:21.078,37.0,13.06,2.946,10315,145.79,59.67,1374,1514,1728,4894,ON
691,2026-05-21 14:57:21.578,37.0,13.06,2.946,10337,145.69,59.77,1381,1520,1733,4910,ON
692,2026-05-21 14:57:22.078,37.0,13.07,2.958,10372,145.61,59.85,1384,1525,1737,4939,ON
693,2026-05-21 14:57:22.578,37.0,13.06,2.952,10410,145.53,59.93,1384,1526,1738,4952,ON
694,2026-05-21 14:57:23.078,37.0,13.06,2.939,10444,145.44,60.02,1385,1527,1739,4956,ON
695,2026-05-21 14:57:23.578,37.0,13.08,2.942,10468,145.34,60.12,1382,1524,1735,4947,ON
696,2026-05-21 14:57:24.078,37.0,13.09,2.950,10487,145.26,60.20,1383,1525,1736,4961,ON
697,2026-05-21 14:57:24.578,37.0,13.08,2.950,10508,145.18,60.28,1384,1527,1738,4959,ON
698,2026-05-21 14:57:25.078,37.0,13.08,2.947,10530,145.09,60.37,1387,1530,1741,4929,ON
699,2026-05-21 14:57:25.578,37.0,13.08,2.952,10548,145.00,60.46,1386,1529,1739,4931,ON
700,2026-05-21 14:57:26.078,37.0,13.07,2.947,10568,144.92,60.54,1386,1528,1738,4874,ON
701,2026-05-21 14:57:26.578,37.0,13.07,2.952,10585,144.83,60.63,1381,1522,1732,4890,ON
702,2026-05-21 14:57:27.078,37.0,13.06,2.945,10611,144.75,60.71,1381,1522,1733,4930,ON
703,2026-05-21 14:57:27.578,37.0,13.07,2.944,10644,144.65,60.81,1382,1523,1733,4947,ON
704,2026-05-21 14:57:28.078,37.0,13.08,2.942,10673,144.56,60.91,1383,1524,1734,4953,ON
705,2026-05-21 14:57:28.578,37.0,13.08,2.944,10694,144.47,60.99,1385,1528,1737,4990,ON
706,2026-05-21 14:57:29.078,37.0,13.09,2.950,10717,144.38,61.08,1390,1534,1742,5018,ON
707,2026-05-21 14:57:29.578,37.0,13.09,2.942,10746,144.29,61.17,1393,1538,1746,5002,ON
708,2026-05-21 14:57:30.078,37.1,13.10,2.948,10776,144.21,61.25,1393,1538,1746,4977,ON
709,2026-05-21 14:57:30.578,37.1,13.10,2.949,10799,144.12,61.34,1393,1538,1745,4985,ON
710,2026-05-21 14:57:31.078,37.0,13.09,2.942,10821,144.03,61.43,1395,1541,1748,4936,ON
711,2026-05-21 14:57:31.578,37.0,13.10,2.947,10842,143.94,61.52,1391,1537,1743,4931,ON
712,2026-05-21 14:57:32.078,37.0,13.10,2.944,10867,143.85,61.61,1391,1538,1744,4973,ON
713,2026-05-21 14:57:32.578,37.0,13.10,2.941,10888,143.77,61.69,1393,1539,1746,4909,ON
714,2026-05-21 14:57:33.078,37.0,13.11,2.950,10914,143.68,61.78,1393,1536,1742,4978,ON
715,2026-05-21 14:57:33.578,37.0,13.11,2.943,10934,143.60,61.86,1393,1530,1736,4981,ON
716,2026-05-21 14:57:34.078,37.0,13.11,2.942,10950,143.51,61.95,1390,1532,1736,4959,ON
717,2026-05-21 14:57:34.578,37.1,13.12,2.933,10968,143.43,62.03,1387,1531,1736,4942,ON
718,2026-05-21 14:57:35.078,37.1,13.13,2.935,10988,143.33,62.13,1385,1530,1734,4950,ON
719,2026-05-21 14:57:35.578,37.1,13.14,2.939,11007,143.25,62.21,1384,1528,1732,4921,ON
720,2026-05-21 14:57:36.078,37.1,13.14,2.936,11029,143.17,62.30,1384,1528,1732,4964,ON
721,2026-05-21 14:57:36.578,37.1,13.14,2.943,11058,143.07,62.39,1384,1528,1732,4930,ON
722,2026-05-21 14:57:37.078,37.1,13.14,2.942,11083,142.99,62.47,1383,1529,1732,4932,ON
723,2026-05-21 14:57:37.578,37.1,13.15,2.924,11108,142.90,62.56,1382,1529,1732,4914,ON
724,2026-05-21 14:57:38.078,37.1,13.14,2.945,11134,142.81,62.65,1386,1534,1737,4953,ON
725,2026-05-21 14:57:38.578,37.1,13.13,2.942,11157,142.73,62.73,1388,1536,1739,4925,ON
726,2026-05-21 14:57:39.078,37.1,13.13,2.945,11181,142.64,62.82,1387,1535,1737,4911,ON
727,2026-05-21 14:57:39.578,37.1,13.12,2.941,11214,142.56,62.90,1389,1538,1740,4963,ON
728,2026-05-21 14:57:40.078,37.1,13.12,2.937,11248,142.47,62.99,1390,1539,1741,4993,ON
729,2026-05-21 14:57:40.578,37.1,13.13,2.946,11274,142.38,63.08,1391,1541,1743,4985,ON
730,2026-05-21 14:57:41.078,37.1,13.13,2.943,11298,142.27,63.19,1390,1539,1740,5015,ON
731,2026-05-21 14:57:41.578,37.1,13.13,2.937,11320,142.19,63.27,1384,1534,1735,4916,ON
732,2026-05-21 14:57:42.078,37.1,13.14,2.935,11348,142.10,63.36,1378,1528,1728,4999,ON
733,2026-05-21 14:57:42.578,37.1,13.14,2.929,11372,142.02,63.44,1378,1527,1726,4929,ON
734,2026-05-21 14:57:43.078,37.1,13.15,2.936,11391,141.93,63.53,1375,1523,1724,4887,ON
735,2026-05-21 14:57:43.578,37.1,13.15,2.937,11404,141.84,63.62,1375,1523,1724,4931,ON
736,2026-05-21 14:57:44.078,37.1,13.15,2.935,11422,141.76,63.70,1378,1527,1726,4893,ON
737,2026-05-21 14:57:44.578,37.1,13.16,2.935,11439,141.67,63.80,1377,1527,1725,4919,ON
738,2026-05-21 14:57:45.078,37.1,13.16,2.931,11462,141.58,63.88,1378,1528,1727,4934,ON
739,2026-05-21 14:57:45.578,37.1,13.15,2.938,11491,141.49,63.97,1380,1529,1728,4947,ON
740,2026-05-21 14:57:46.078,37.1,13.15,2.933,11517,141.41,64.05,1381,1532,1730,4981,ON
741,2026-05-21 14:57:46.578,37.1,13.15,2.937,11544,141.32,64.14,1385,1531,1729,5012,ON
742,2026-05-21 14:57:47.078,37.1,13.14,2.944,11576,141.24,64.23,1383,1529,1727,4945,ON
743,2026-05-21 14:57:47.578,37.1,13.14,2.942,11605,141.15,64.31,1381,1529,1727,4974,ON
744,2026-05-21 14:57:48.078,37.1,13.13,2.933,11635,141.06,64.40,1378,1528,1726,4933,ON
745,2026-05-21 14:57:48.578,37.1,13.13,2.936,11672,140.98,64.48,1374,1525,1721,4897,ON
746,2026-05-21 14:57:49.078,37.1,13.14,2.931,11702,140.89,64.57,1373,1525,1720,4913,ON
747,2026-05-21 14:57:49.578,37.1,13.15,2.938,11728,140.80,64.66,1375,1526,1722,4908,ON
748,2026-05-21 14:57:50.078,37.1,13.14,2.932,11752,140.72,64.74,1377,1529,1725,4901,ON
749,2026-05-21 14:57:50.578,37.1,13.15,2.928,11776,140.63,64.83,1375,1527,1721,4902,ON
750,2026-05-21 14:57:51.078,37.1,13.15,2.943,11799,140.54,64.92,1373,1525,1719,4893,ON
751,2026-05-21 14:57:51.578,37.1,13.14,2.947,11896,140.46,65.00,1375,1528,1722,4948,ON
752,2026-05-21 14:57:52.078,37.1,13.15,2.927,11997,140.37,65.09,1377,1531,1724,4938,ON
753,2026-05-21 14:57:52.578,37.1,13.16,2.934,12075,140.27,65.19,1377,1532,1725,4959,ON
754,2026-05-21 14:57:53.078,37.1,13.16,2.947,12133,140.19,65.27,1385,1541,1734,5005,ON
755,2026-05-21 14:57:53.578,37.1,13.15,2.930,12184,140.10,65.36,1389,1544,1737,4991,ON
756,2026-05-21 14:57:54.078,37.1,13.17,2.935,12230,140.02,65.44,1388,1542,1734,4949,ON
757,2026-05-21 14:57:54.578,37.2,13.17,2.947,12266,139.92,65.54,1388,1543,1735,4970,ON
758,2026-05-21 14:57:55.078,37.2,13.15,2.940,12298,139.83,65.63,1390,1545,1737,4956,ON
759,2026-05-21 14:57:55.578,37.1,13.14,2.941,12328,139.75,65.71,1392,1547,1739,4940,ON
760,2026-05-21 14:57:56.078,37.1,13.14,2.947,12358,139.66,65.80,1391,1546,1737,4955,ON
761,2026-05-21 14:57:56.578,37.1,13.14,2.937,12388,139.58,65.88,1389,1545,1735,4994,ON
762,2026-05-21 14:57:57.078,37.1,13.14,2.935,12419,139.49,65.97,1388,1544,1734,4956,ON
763,2026-05-21 14:57:57.578,37.1,13.15,2.947,12446,139.40,66.06,1386,1542,1733,4984,ON
764,2026-05-21 14:57:58.078,37.1,13.13,2.941,12472,139.32,66.14,1388,1545,1735,5006,ON
765,2026-05-21 14:57:58.578,37.1,13.13,2.937,12501,139.22,66.24,1390,1548,1738,4993,ON
766,2026-05-21 14:57:59.078,37.1,13.14,2.932,12533,139.14,66.32,1394,1552,1741,4995,ON
767,2026-05-21 14:57:59.578,37.1,13.16,2.930,12562,139.05,66.41,1396,1553,1744,5011,ON
768,2026-05-21 14:58:00.078,37.1,13.16,2.935,12587,138.96,66.50,1397,1555,1743,5000,ON
769,2026-05-21 14:58:00.578,37.1,13.16,2.941,12613,138.88,66.58,1398,1556,1744,4992,ON
770,2026-05-21 14:58:01.078,37.1,13.15,2.942,12634,138.80,66.66,1399,1557,1745,5005,ON
771,2026-05-21 14:58:01.578,37.2,13.14,2.935,12653,138.70,66.76,1403,1562,1750,5005,ON
772,2026-05-21 14:58:02.078,37.1,13.15,2.940,12673,138.62,66.84,1404,1564,1751,4989,ON
773,2026-05-21 14:58:02.578,37.1,13.14,2.934,12692,138.53,66.93,1401,1562,1748,5014,ON
774,2026-05-21 14:58:03.078,37.1,13.15,2.929,12717,138.44,67.02,1403,1562,1749,5001,ON
775,2026-05-21 14:58:03.578,37.2,13.17,2.942,12746,138.36,67.11,1402,1562,1748,5013,ON
776,2026-05-21 14:58:04.078,37.2,13.15,2.941,12772,138.25,67.21,1400,1560,1746,4992,ON
777,2026-05-21 14:58:04.578,37.2,13.16,2.929,12793,138.16,67.30,1397,1558,1743,5019,ON
778,2026-05-21 14:58:05.078,37.2,13.16,2.947,12816,138.08,67.38,1397,1559,1744,5022,ON
779,2026-05-21 14:58:05.578,37.2,13.15,2.943,12838,137.99,67.47,1399,1561,1746,5043,ON
780,2026-05-21 14:58:06.078,37.1,13.15,2.927,12857,137.91,67.56,1399,1562,1746,5010,ON
781,2026-05-21 14:58:06.578,37.2,13.16,2.935,12877,137.82,67.64,1399,1562,1744,4997,ON
782,2026-05-21 14:58:07.078,37.2,13.17,2.925,12894,137.74,67.72,1399,1562,1745,5012,ON
783,2026-05-21 14:58:07.578,37.2,13.18,2.932,12912,137.65,67.81,1400,1564,1747,5003,ON
784,2026-05-21 14:58:08.078,37.2,13.18,2.942,12931,137.56,67.90,1402,1566,1749,5018,ON
785,2026-05-21 14:58:08.578,37.2,13.16,2.938,12955,137.47,67.99,1405,1569,1752,5013,ON
786,2026-05-21 14:58:09.078,37.2,13.16,2.931,12980,137.38,68.08,1405,1569,1752,5014,ON
787,2026-05-21 14:58:09.578,37.2,13.16,2.928,13003,137.30,68.16,1403,1567,1749,4986,ON
788,2026-05-21 14:58:10.078,37.2,13.17,2.932,13028,137.21,68.25,1399,1564,1743,5030,ON
789,2026-05-21 14:58:10.578,37.2,13.17,2.936,13051,137.12,68.34,1400,1565,1741,5060,ON
790,2026-05-21 14:58:11.078,37.2,13.17,2.935,13075,137.04,68.42,1401,1566,1739,4961,ON
791,2026-05-21 14:58:11.578,37.2,13.17,2.937,13103,136.96,68.51,1391,1557,1734,5005,ON
792,2026-05-21 14:58:12.078,37.2,13.16,2.921,13132,136.87,68.59,1391,1555,1734,4989,ON
793,2026-05-21 14:58:12.578,37.2,13.18,2.934,13158,136.78,68.68,1388,1551,1730,4903,ON
794,2026-05-21 14:58:13.078,37.2,13.18,2.935,13179,136.69,68.77,1386,1550,1729,4991,ON
795,2026-05-21 14:58:13.578,37.2,13.17,2.930,13201,136.61,68.85,1387,1551,1730,4976,ON
796,2026-05-21 14:58:14.078,37.2,13.19,2.925,13231,136.52,68.94,1389,1553,1732,4980,ON
797,2026-05-21 14:58:14.578,37.2,13.20,2.928,13262,136.43,69.03,1390,1555,1733,4899,ON
798,2026-05-21 14:58:15.078,37.2,13.20,2.934,13292,136.35,69.11,1385,1551,1727,4940,ON
799,2026-05-21 14:58:15.578,37.2,13.20,2.932,13320,136.26,69.20,1384,1550,1726,4992,ON
800,2026-05-21 14:58:16.078,37.2,13.19,2.938,13348,136.16,69.31,1388,1553,1729,4990,ON
801,2026-05-21 14:58:16.578,37.2,13.19,2.931,13378,136.07,69.39,1389,1557,1733,5026,ON
802,2026-05-21 14:58:17.078,37.2,13.19,2.934,13406,135.99,69.47,1390,1558,1735,4993,ON
803,2026-05-21 14:58:17.578,37.2,13.18,2.937,13431,135.89,69.57,1390,1558,1733,4974,ON
804,2026-05-21 14:58:18.078,37.2,13.17,2.936,13458,135.82,69.64,1389,1557,1731,4963,ON
805,2026-05-21 14:58:18.578,37.2,13.16,2.930,13491,135.72,69.74,1390,1557,1732,4978,ON
806,2026-05-21 14:58:19.078,37.2,13.17,2.928,13523,135.64,69.82,1389,1558,1733,4969,ON
807,2026-05-21 14:58:19.578,37.2,13.17,2.930,13547,135.55,69.91,1390,1560,1734,4989,ON
808,2026-05-21 14:58:20.078,37.2,13.16,2.951,13569,135.46,70.00,1392,1561,1736,4902,ON
809,2026-05-21 14:58:20.578,37.2,13.15,2.934,13597,135.38,70.08,1385,1554,1726,4971,ON
810,2026-05-21 14:58:21.078,37.2,13.17,2.925,13629,135.29,70.17,1384,1553,1725,4992,ON
811,2026-05-21 14:58:21.578,37.2,13.17,2.932,13659,135.21,70.25,1385,1554,1729,4978,ON
812,2026-05-21 14:58:22.078,37.2,13.18,2.927,13688,135.12,70.34,1391,1562,1737,5132,ON
813,2026-05-21 14:58:22.578,37.2,13.19,2.940,13714,135.04,70.43,1402,1574,1747,5081,ON
814,2026-05-21 14:58:23.078,37.2,13.19,2.924,13739,134.94,70.52,1402,1573,1745,5006,ON
815,2026-05-21 14:58:23.578,37.2,13.19,2.929,13768,134.85,70.61,1403,1573,1745,5033,ON
816,2026-05-21 14:58:24.078,37.2,13.19,2.930,13794,134.77,70.69,1401,1573,1743,5009,ON
817,2026-05-21 14:58:24.578,37.2,13.19,2.931,13814,134.69,70.77,1403,1575,1745,5050,ON
818,2026-05-21 14:58:25.078,37.2,13.19,2.934,13837,134.60,70.86,1405,1578,1748,5036,ON
819,2026-05-21 14:58:25.578,37.2,13.20,2.926,13862,134.51,70.95,1407,1580,1749,5047,ON
820,2026-05-21 14:58:26.078,37.2,13.20,2.938,13886,134.43,71.03,1409,1583,1752,4988,ON
821,2026-05-21 14:58:26.578,37.2,13.19,2.932,13913,134.33,71.13,1409,1582,1750,5054,ON
822,2026-05-21 14:58:27.078,37.2,13.19,2.934,13935,134.25,71.21,1409,1582,1751,5049,ON
823,2026-05-21 14:58:27.578,37.2,13.19,2.936,13961,134.15,71.31,1408,1583,1751,5072,ON
824,2026-05-21 14:58:28.078,37.2,13.17,2.939,13987,134.06,71.40,1411,1586,1754,5073,ON
825,2026-05-21 14:58:28.578,37.2,13.16,2.932,14011,133.96,71.50,1412,1588,1756,5081,ON
826,2026-05-21 14:58:29.078,37.2,13.17,2.932,14027,133.88,71.58,1412,1590,1757,5089,ON
827,2026-05-21 14:58:29.578,37.2,13.18,2.928,14044,133.79,71.67,1412,1590,1756,5068,ON
828,2026-05-21 14:58:30.078,37.2,13.18,2.931,14073,133.71,71.75,1411,1589,1754,5052,ON
829,2026-05-21 14:58:30.578,37.2,13.18,2.932,14108,133.62,71.84,1410,1587,1753,5035,ON
830,2026-05-21 14:58:31.078,37.2,13.17,2.936,14136,133.54,71.93,1410,1589,1754,5078,ON
831,2026-05-21 14:58:31.578,37.2,13.17,2.929,14157,133.45,72.01,1413,1592,1757,5028,ON
832,2026-05-21 14:58:32.078,37.2,13.18,2.933,14179,133.36,72.10,1413,1594,1759,5061,ON
833,2026-05-21 14:58:32.578,37.2,13.19,2.924,14202,133.28,72.18,1413,1594,1757,5070,ON
834,2026-05-21 14:58:33.078,37.2,13.20,2.929,14223,133.19,72.27,1413,1593,1756,5096,ON
835,2026-05-21 14:58:33.578,37.2,13.19,2.924,14242,133.11,72.35,1415,1596,1759,5115,ON
836,2026-05-21 14:58:34.078,37.2,13.19,2.929,14260,133.02,72.44,1418,1598,1763,5013,ON
837,2026-05-21 14:58:34.578,37.2,13.19,2.931,14290,132.94,72.53,1408,1588,1751,5069,ON
838,2026-05-21 14:58:35.078,37.2,13.19,2.926,14317,132.84,72.62,1409,1590,1753,5095,ON
839,2026-05-21 14:58:35.578,37.2,13.20,2.922,14341,132.76,72.70,1410,1591,1753,5070,ON
840,2026-05-21 14:58:36.078,37.2,13.20,2.931,14363,132.67,72.79,1407,1587,1748,4992,ON
841,2026-05-21 14:58:36.578,37.2,13.20,2.936,14383,132.58,72.88,1406,1586,1748,5050,ON
842,2026-05-21 14:58:37.078,37.2,13.18,2.931,14401,132.50,72.96,1406,1589,1751,5074,ON
843,2026-05-21 14:58:37.578,37.2,13.19,2.932,14425,132.41,73.05,1410,1593,1754,5043,ON
844,2026-05-21 14:58:38.078,37.2,13.19,2.926,14449,132.32,73.14,1407,1591,1750,5063,ON
845,2026-05-21 14:58:38.578,37.2,13.19,2.935,14471,132.24,73.22,1407,1590,1742,5071,ON
846,2026-05-21 14:58:39.078,37.2,13.18,2.937,14489,132.15,73.32,1407,1591,1739,5111,ON
847,2026-05-21 14:58:39.578,37.2,13.17,2.934,14511,132.06,73.40,1413,1598,1752,5058,ON
848,2026-05-21 14:58:40.078,37.3,13.19,2.913,14536,131.98,73.48,1410,1596,1751,5083,ON
849,2026-05-21 14:58:40.578,37.3,13.21,2.920,14567,131.88,73.58,1413,1599,1755,5065,ON
850,2026-05-21 14:58:41.078,37.3,13.22,2.926,14594,131.79,73.67,1411,1593,1750,5023,ON
851,2026-05-21 14:58:41.578,37.3,13.23,2.921,14623,131.71,73.76,1404,1588,1745,5034,ON
852,2026-05-21 14:58:42.078,37.3,13.24,2.918,14648,131.62,73.84,1402,1586,1744,5024,ON
853,2026-05-21 14:58:42.578,37.3,13.25,2.923,14678,131.52,73.94,1401,1588,1745,5036,ON
854,2026-05-21 14:58:43.078,37.3,13.24,2.918,14706,131.44,74.02,1401,1588,1745,5024,ON
855,2026-05-21 14:58:43.578,37.3,13.25,2.927,14734,131.35,74.11,1401,1586,1742,5060,ON
856,2026-05-21 14:58:44.078,37.3,13.23,2.919,14759,131.27,74.19,1399,1585,1741,5032,ON
857,2026-05-21 14:58:44.578,37.3,13.22,2.929,14777,131.19,74.27,1399,1586,1742,5072,ON
858,2026-05-21 14:58:45.078,37.3,13.22,2.920,14799,131.10,74.36,1401,1587,1743,5039,ON
859,2026-05-21 14:58:45.578,37.3,13.23,2.918,14824,131.02,74.44,1401,1588,1742,5063,ON
860,2026-05-21 14:58:46.078,37.3,13.23,2.917,14843,130.93,74.53,1405,1593,1747,5056,ON
861,2026-05-21 14:58:46.578,37.3,13.24,2.913,14863,130.84,74.62,1405,1594,1748,5048,ON
862,2026-05-21 14:58:47.078,37.3,13.23,2.923,14887,130.75,74.71,1405,1593,1747,5061,ON
863,2026-05-21 14:58:47.578,37.3,13.23,2.926,14913,130.67,74.79,1406,1595,1749,5064,ON
864,2026-05-21 14:58:48.078,37.3,13.23,2.917,14952,130.58,74.88,1409,1598,1751,5044,ON
865,2026-05-21 14:58:48.578,37.3,13.25,2.916,14988,130.50,74.97,1405,1595,1748,5042,ON
866,2026-05-21 14:58:49.078,37.3,13.24,2.918,15020,130.40,75.06,1404,1594,1746,5050,ON
867,2026-05-21 14:58:49.578,37.3,13.24,2.926,15049,130.31,75.15,1403,1593,1746,5049,ON
868,2026-05-21 14:58:50.078,37.3,13.23,2.917,15075,130.23,75.23,1402,1594,1746,5072,ON
869,2026-05-21 14:58:50.578,37.3,13.24,2.932,15094,130.15,75.31,1405,1597,1748,5021,ON
870,2026-05-21 14:58:51.078,37.3,13.24,2.919,15108,130.06,75.40,1400,1592,1742,5185,ON
871,2026-05-21 14:58:51.578,37.3,13.24,2.921,15119,129.96,75.50,1413,1608,1757,5141,ON
872,2026-05-21 14:58:52.078,37.3,13.23,2.933,15131,129.87,75.59,1417,1611,1760,5098,ON
873,2026-05-21 14:58:52.578,37.3,13.21,2.923,15149,129.78,75.68,1417,1612,1759,5074,ON
874,2026-05-21 14:58:53.078,37.3,13.21,2.920,15169,129.69,75.77,1418,1613,1761,5108,ON
875,2026-05-21 14:58:53.578,37.3,13.22,2.924,15200,129.61,75.85,1419,1614,1762,5104,ON
876,2026-05-21 14:58:54.078,37.3,13.22,2.926,15228,129.52,75.94,1421,1618,1765,5126,ON
877,2026-05-21 14:58:54.578,37.3,13.22,2.922,15251,129.44,76.02,1422,1620,1765,5110,ON
878,2026-05-21 14:58:55.078,37.4,13.22,2.923,15279,129.34,76.12,1421,1619,1764,5107,ON
879,2026-05-21 14:58:55.578,37.4,13.23,2.924,15309,129.26,76.20,1420,1617,1764,5142,ON
880,2026-05-21 14:58:56.078,37.4,13.23,2.922,15335,129.17,76.29,1421,1618,1765,5136,ON
881,2026-05-21 14:58:56.578,37.4,13.23,2.928,15363,129.08,76.38,1419,1616,1763,5107,ON
882,2026-05-21 14:58:57.078,37.3,13.23,2.914,15392,129.00,76.46,1418,1617,1762,5153,ON
883,2026-05-21 14:58:57.578,37.4,13.24,2.921,15415,128.91,76.55,1418,1617,1761,5104,ON
884,2026-05-21 14:58:58.078,37.4,13.24,2.916,15443,128.83,76.63,1416,1615,1758,5088,ON
885,2026-05-21 14:58:58.578,37.4,13.24,2.921,15468,128.74,76.72,1415,1614,1756,5066,ON
886,2026-05-21 14:58:59.078,37.4,13.24,2.917,15493,128.65,76.81,1417,1617,1760,5114,ON
887,2026-05-21 14:58:59.578,37.4,13.24,2.923,15519,128.57,76.89,1419,1618,1762,5056,ON
888,2026-05-21 14:59:00.078,37.3,13.24,2.923,15541,128.48,76.98,1422,1623,1765,5136,ON
889,2026-05-21 14:59:00.578,37.3,13.24,2.925,15562,128.39,77.07,1425,1628,1769,5152,ON
890,2026-05-21 14:59:01.078,37.3,13.23,2.918,15583,128.31,77.15,1427,1631,1771,5147,ON
891,2026-05-21 14:59:01.578,37.4,13.23,2.933,15609,128.22,77.24,1426,1631,1771,5141,ON
892,2026-05-21 14:59:02.078,37.3,13.23,2.919,15636,128.13,77.33,1426,1630,1769,5172,ON
893,2026-05-21 14:59:02.578,37.3,13.23,2.926,15668,128.05,77.41,1427,1633,1772,5165,ON
894,2026-05-21 14:59:03.078,37.4,13.22,2.920,15703,127.96,77.50,1428,1633,1773,5145,ON
895,2026-05-21 14:59:03.578,37.4,13.23,2.918,15734,127.87,77.59,1428,1633,1772,5155,ON
896,2026-05-21 14:59:04.078,37.4,13.24,2.927,15758,127.78,77.68,1429,1635,1773,5107,ON
897,2026-05-21 14:59:04.578,37.4,13.24,2.933,15781,127.69,77.77,1426,1631,1759,5121,ON
898,2026-05-21 14:59:05.078,37.4,13.24,2.924,15804,127.60,77.86,1416,1620,1754,5087,ON
899,2026-05-21 14:59:05.578,37.4,13.24,2.922,15816,127.51,77.95,1413,1616,1752,5134,ON
900,2026-05-21 14:59:06.078,37.4,13.24,2.923,15841,127.43,78.03,1412,1617,1751,5172,ON
901,2026-05-21 14:59:06.578,37.4,13.24,2.923,15867,127.34,78.12,1410,1616,1751,5079,ON
902,2026-05-21 14:59:07.078,37.4,13.24,2.921,15890,127.25,78.21,1412,1617,1753,5125,ON
903,2026-05-21 14:59:07.578,37.4,13.24,2.919,15914,127.17,78.29,1414,1621,1758,5134,ON
904,2026-05-21 14:59:08.078,37.4,13.26,2.911,15939,127.09,78.38,1415,1623,1759,5121,ON
905,2026-05-21 14:59:08.578,37.4,13.27,2.928,15962,127.00,78.46,1412,1619,1753,5062,ON
906,2026-05-21 14:59:09.078,37.4,13.27,2.913,15986,126.91,78.55,1412,1617,1751,5103,ON
907,2026-05-21 14:59:09.578,37.4,13.28,2.920,16011,126.82,78.64,1414,1621,1756,5103,ON
908,2026-05-21 14:59:10.078,37.4,13.27,2.915,16042,126.73,78.73,1416,1625,1758,5113,ON
909,2026-05-21 14:59:10.578,37.4,13.27,2.918,16073,126.65,78.81,1416,1624,1757,5105,ON
910,2026-05-21 14:59:11.078,37.4,13.26,2.928,16104,126.56,78.90,1413,1620,1752,5028,ON
911,2026-05-21 14:59:11.578,37.4,13.26,2.918,16139,126.47,78.99,1413,1621,1753,5124,ON
912,2026-05-21 14:59:12.078,37.4,13.26,2.922,16176,126.39,79.07,1417,1626,1757,5108,ON
913,2026-05-21 14:59:12.578,37.4,13.26,2.919,16202,126.31,79.16,1420,1628,1760,5106,ON
914,2026-05-21 14:59:13.078,37.4,13.26,2.923,16223,126.21,79.25,1421,1631,1762,5131,ON
915,2026-05-21 14:59:13.578,37.4,13.25,2.918,16248,126.13,79.33,1421,1633,1763,5141,ON
916,2026-05-21 14:59:14.078,37.4,13.25,2.931,16271,126.04,79.42,1419,1632,1762,5079,ON
917,2026-05-21 14:59:14.578,37.4,13.25,2.917,16294,125.96,79.50,1416,1627,1755,5124,ON
918,2026-05-21 14:59:15.078,37.4,13.25,2.923,16316,125.87,79.59,1417,1628,1759,5119,ON
919,2026-05-21 14:59:15.578,37.4,13.24,2.917,16340,125.78,79.68,1416,1629,1758,5160,ON
920,2026-05-21 14:59:16.078,37.4,13.25,2.922,16360,125.69,79.77,1420,1635,1764,5133,ON
921,2026-05-21 14:59:16.578,37.4,13.25,2.917,16383,125.59,79.87,1422,1642,1772,5168,ON
922,2026-05-21 14:59:17.078,37.4,13.26,2.920,16399,125.51,79.95,1429,1651,1779,5207,ON
923,2026-05-21 14:59:17.578,37.4,13.26,2.911,16414,125.42,80.04,1431,1651,1778,5170,ON
924,2026-05-21 14:59:18.078,37.4,13.25,2.935,16423,125.33,80.13,1433,1652,1778,5197,ON
925,2026-05-21 14:59:18.578,37.4,13.25,2.921,16435,125.25,80.21,1435,1655,1781,5186,ON
926,2026-05-21 14:59:19.078,37.4,13.26,2.920,16458,125.16,80.30,1436,1654,1779,5216,ON
927,2026-05-21 14:59:19.578,37.4,13.26,2.932,16480,125.07,80.39,1438,1659,1783,5222,ON
928,2026-05-21 14:59:20.078,37.4,13.23,2.919,16505,124.98,80.48,1438,1658,1782,5189,ON
929,2026-05-21 14:59:20.578,37.4,13.24,2.926,16530,124.90,80.56,1437,1657,1782,5155,ON
930,2026-05-21 14:59:21.078,37.4,13.23,2.917,16559,124.81,80.65,1433,1654,1778,5179,ON
931,2026-05-21 14:59:21.578,37.4,13.24,2.915,16592,124.73,80.74,1433,1654,1777,5168,ON
932,2026-05-21 14:59:22.078,37.4,13.26,2.917,16628,124.64,80.82,1432,1652,1773,5188,ON
933,2026-05-21 14:59:22.578,37.4,13.26,2.918,16653,124.55,80.91,1433,1654,1774,5205,ON
934,2026-05-21 14:59:23.078,37.4,13.25,2.927,16671,124.46,81.00,1436,1658,1778,5212,ON
935,2026-05-21 14:59:23.578,37.4,13.23,2.912,16693,124.38,81.08,1435,1658,1778,5183,ON
936,2026-05-21 14:59:24.078,37.4,13.23,2.917,16714,124.30,81.16,1433,1657,1777,5144,ON
937,2026-05-21 14:59:24.578,37.4,13.23,2.934,16741,124.21,81.26,1424,1648,1767,5120,ON
938,2026-05-21 14:59:25.078,37.4,13.22,2.930,16762,124.12,81.34,1420,1644,1762,5133,ON
939,2026-05-21 14:59:25.578,37.4,13.23,2.925,16781,124.03,81.43,1418,1643,1760,5147,ON
940,2026-05-21 14:59:26.078,37.4,13.22,2.924,16800,123.95,81.51,1416,1640,1757,5122,ON
941,2026-05-21 14:59:26.578,37.4,13.22,2.929,16826,123.87,81.59,1418,1640,1757,5137,ON
942,2026-05-21 14:59:27.078,37.4,13.21,2.915,16850,123.78,81.68,1420,1643,1760,5142,ON
943,2026-05-21 14:59:27.578,37.5,13.22,2.920,16872,123.69,81.77,1421,1645,1763,5159,ON
944,2026-05-21 14:59:28.078,37.5,13.24,2.914,16900,123.61,81.85,1422,1647,1764,5129,ON
945,2026-05-21 14:59:28.578,37.5,13.26,2.932,16928,123.52,81.94,1422,1648,1764,5162,ON
946,2026-05-21 14:59:29.078,37.5,13.26,2.908,16956,123.43,82.03,1422,1648,1764,5091,ON
947,2026-05-21 14:59:29.578,37.5,13.27,2.913,16990,123.35,82.11,1422,1648,1764,5155,ON
948,2026-05-21 14:59:30.078,37.4,13.28,2.923,17021,123.24,82.22,1422,1649,1764,5154,ON
949,2026-05-21 14:59:30.578,37.4,13.27,2.919,17049,123.16,82.30,1423,1650,1766,5161,ON
950,2026-05-21 14:59:31.078,37.4,13.27,2.933,17071,123.07,82.39,1423,1652,1766,5157,ON
951,2026-05-21 14:59:31.578,37.4,13.26,2.917,17090,122.98,82.48,1423,1651,1766,5141,ON
952,2026-05-21 14:59:32.078,37.4,13.26,2.922,17113,122.90,82.56,1422,1650,1764,5146,ON
953,2026-05-21 14:59:32.578,37.4,13.25,2.915,17139,122.82,82.64,1422,1651,1763,5160,ON
954,2026-05-21 14:59:33.078,37.4,13.26,2.913,17165,122.73,82.73,1423,1651,1764,5177,ON
955,2026-05-21 14:59:33.578,37.4,13.26,2.917,17195,122.64,82.82,1422,1650,1762,5140,ON
956,2026-05-21 14:59:34.078,37.4,13.27,2.921,17219,122.56,82.90,1420,1649,1760,5140,ON
957,2026-05-21 14:59:34.578,37.4,13.27,2.918,17245,122.47,82.99,1420,1648,1758,5161,ON
958,2026-05-21 14:59:35.078,37.4,13.27,2.918,17272,122.38,83.08,1420,1650,1760,5172,ON
959,2026-05-21 14:59:35.578,37.4,13.27,2.920,17297,122.30,83.17,1420,1653,1763,5095,ON
960,2026-05-21 14:59:36.078,37.4,13.27,2.920,17321,122.22,83.25,1422,1655,1765,5176,ON
961,2026-05-21 14:59:36.578,37.5,13.28,2.906,17340,122.12,83.34,1424,1657,1767,5174,ON
962,2026-05-21 14:59:37.078,37.5,13.29,2.909,17364,122.04,83.42,1424,1657,1770,5197,ON
963,2026-05-21 14:59:37.578,37.5,13.29,2.912,17387,121.96,83.50,1422,1662,1774,5165,ON
964,2026-05-21 14:59:38.078,37.5,13.29,2.913,17415,121.87,83.59,1422,1663,1776,5168,ON
965,2026-05-21 14:59:38.578,37.5,13.29,2.916,17435,121.78,83.68,1427,1665,1773,5213,ON
966,2026-05-21 14:59:39.078,37.5,13.27,2.920,17456,121.70,83.76,1430,1669,1775,5220,ON
967,2026-05-21 14:59:39.578,37.5,13.26,2.926,17474,121.61,83.85,1433,1673,1778,5222,ON
968,2026-05-21 14:59:40.078,37.5,13.26,2.917,17493,121.52,83.94,1435,1674,1778,5219,ON
969,2026-05-21 14:59:40.578,37.5,13.26,2.919,17514,121.44,84.02,1436,1675,1779,5216,ON
970,2026-05-21 14:59:41.078,37.4,13.25,2.922,17542,121.35,84.11,1438,1677,1780,5184,ON
971,2026-05-21 14:59:41.578,37.5,13.24,2.920,17570,121.26,84.20,1435,1676,1778,5221,ON
972,2026-05-21 14:59:42.078,37.5,13.24,2.913,17595,121.18,84.28,1435,1676,1777,5218,ON
973,2026-05-21 14:59:42.578,37.5,13.26,2.918,17617,121.09,84.37,1439,1680,1781,5259,ON
974,2026-05-21 14:59:43.078,37.5,13.26,2.922,17641,120.98,84.48,1441,1684,1785,5250,ON
975,2026-05-21 14:59:43.578,37.5,13.26,2.920,17665,120.89,84.57,1439,1682,1782,5211,ON
976,2026-05-21 14:59:44.078,37.5,13.24,2.930,17688,120.82,84.64,1437,1680,1779,5201,ON
977,2026-05-21 14:59:44.578,37.5,13.23,2.912,17711,120.73,84.73,1435,1677,1777,5225,ON
978,2026-05-21 14:59:45.078,37.5,13.24,2.916,17733,120.64,84.82,1434,1676,1776,5205,ON
979,2026-05-21 14:59:45.578,37.5,13.25,2.919,17750,120.56,84.90,1433,1676,1775,5203,ON
980,2026-05-21 14:59:46.078,37.5,13.25,2.918,17763,120.47,84.99,1432,1676,1773,5203,ON
981,2026-05-21 14:59:46.578,37.5,13.25,2.921,17779,120.38,85.08,1433,1676,1773,5194,ON
982,2026-05-21 14:59:47.078,37.5,13.24,2.924,17793,120.29,85.17,1435,1681,1777,5245,ON
983,2026-05-21 14:59:47.578,37.5,13.24,2.915,17816,120.21,85.25,1436,1682,1779,5215,ON
984,2026-05-21 14:59:48.078,37.5,13.25,2.918,17844,120.12,85.34,1436,1682,1778,5221,ON
985,2026-05-21 14:59:48.578,37.5,13.25,2.912,17870,120.03,85.43,1436,1682,1778,5226,ON
986,2026-05-21 14:59:49.078,37.5,13.27,2.916,17894,119.95,85.51,1436,1684,1779,5177,ON
