SampleIndex,Timestamp,Temp,pH,Volt,EC,Weight,Weightloss,R,G,B,C,RelayStatus
0,2026-03-31 16:44:41.800,30.3,3.13,4.426,4499,227.40,8.79,542,800,393,1865,ON
1,2026-03-31 16:44:42.300,30.3,3.24,4.379,4572,227.28,8.90,538,799,395,1899,ON
2,2026-03-31 16:44:42.800,30.4,3.36,4.382,4678,227.11,9.08,540,805,399,1906,ON
3,2026-03-31 16:44:43.300,30.4,3.41,4.380,4780,226.94,9.24,536,799,397,1891,ON
4,2026-03-31 16:44:43.800,30.4,3.43,4.352,4891,226.79,9.40,532,796,397,1879,ON
5,2026-03-31 16:44:44.300,30.4,3.45,4.381,4972,226.62,9.56,530,796,397,1890,ON
6,2026-03-31 16:44:44.800,30.4,3.45,4.379,5022,226.47,9.72,530,800,400,1900,ON
7,2026-03-31 16:44:45.300,30.5,3.44,4.383,5094,226.31,9.87,530,798,398,1874,ON
8,2026-03-31 16:44:45.800,30.5,3.44,4.385,5175,226.15,10.04,531,798,399,1887,ON
9,2026-03-31 16:44:46.300,30.5,3.44,4.396,5236,226.00,10.19,529,797,398,1835,ON
10,2026-03-31 16:44:46.800,30.5,3.43,4.377,5283,225.84,10.35,527,796,400,1924,ON
11,2026-03-31 16:44:47.300,30.5,3.44,4.373,5334,225.67,10.51,526,796,400,1899,ON
12,2026-03-31 16:44:47.800,30.5,3.46,4.331,5400,225.50,10.69,522,790,397,1894,ON
13,2026-03-31 16:44:48.300,30.6,3.46,4.388,5461,225.34,10.85,523,793,398,1864,ON
14,2026-03-31 16:44:48.800,30.6,3.46,4.385,5518,225.18,11.00,522,793,400,1887,ON
15,2026-03-31 16:44:49.300,30.6,3.45,4.381,5571,225.03,11.16,520,791,401,1856,ON
16,2026-03-31 16:44:49.800,30.6,3.45,4.380,5618,224.87,11.32,512,782,397,1847,ON
17,2026-03-31 16:44:50.300,30.6,3.45,4.378,5672,224.71,11.48,512,782,397,1846,ON
18,2026-03-31 16:44:50.800,30.6,3.45,4.380,5730,224.55,11.64,512,785,400,1879,ON
19,2026-03-31 16:44:51.300,30.6,3.45,4.380,5799,224.39,11.79,510,785,401,1895,ON
20,2026-03-31 16:44:51.800,30.7,3.45,4.378,5874,224.23,11.95,511,788,404,1850,ON
21,2026-03-31 16:44:52.300,30.7,3.45,4.380,5937,224.08,12.11,507,783,401,1851,ON
22,2026-03-31 16:44:52.800,30.7,3.46,4.379,6004,223.92,12.27,505,782,402,1856,ON
23,2026-03-31 16:44:53.300,30.7,3.45,4.379,6076,223.74,12.45,504,783,403,1845,ON
24,2026-03-31 16:44:53.800,30.7,3.45,4.378,6137,223.58,12.61,502,783,404,1838,ON
25,2026-03-31 16:44:54.300,30.7,3.46,4.379,6188,223.42,12.76,502,783,406,1837,ON
26,2026-03-31 16:44:54.800,30.7,3.46,4.380,6246,223.27,12.92,498,782,407,1846,ON
27,2026-03-31 16:44:55.300,30.7,3.47,4.377,6304,223.11,13.08,496,777,406,1829,ON
28,2026-03-31 16:44:55.800,30.7,3.47,4.380,6362,222.95,13.24,494,777,408,1813,ON
29,2026-03-31 16:44:56.300,30.7,3.46,4.381,6426,222.79,13.40,491,777,408,1848,ON
30,2026-03-31 16:44:56.800,30.8,3.47,4.381,6492,222.63,13.56,490,776,408,1828,ON
31,2026-03-31 16:44:57.300,30.8,3.47,4.376,6541,222.48,13.71,489,777,410,1825,ON
32,2026-03-31 16:44:57.800,30.8,3.46,4.370,6581,222.32,13.87,484,773,409,1772,ON
33,2026-03-31 16:44:58.300,30.9,3.48,4.379,6643,222.16,14.03,484,775,412,1845,ON
34,2026-03-31 16:44:58.800,30.9,3.47,4.380,6715,221.98,14.21,479,771,411,1824,ON
35,2026-03-31 16:44:59.300,30.9,3.48,4.379,6770,221.82,14.37,478,771,412,1803,ON
36,2026-03-31 16:44:59.800,30.9,3.48,4.378,6820,221.66,14.52,477,770,413,1817,ON
37,2026-03-31 16:45:00.300,30.9,3.46,4.380,6872,221.50,14.68,472,765,412,1796,ON
38,2026-03-31 16:45:00.800,30.9,3.45,4.379,6918,221.35,14.84,470,764,412,1795,ON
39,2026-03-31 16:45:01.300,30.9,3.46,4.380,6980,221.19,14.99,469,767,416,1769,ON
40,2026-03-31 16:45:01.800,30.9,3.46,4.379,7047,221.03,15.15,465,763,414,1761,ON
41,2026-03-31 16:45:02.300,30.9,3.46,4.380,7118,220.87,15.31,456,752,409,1792,ON
42,2026-03-31 16:45:02.800,31.0,3.47,4.377,7176,220.72,15.46,454,752,410,1811,ON
43,2026-03-31 16:45:03.300,31.0,3.48,4.376,7223,220.56,15.63,452,750,411,1744,ON
44,2026-03-31 16:45:03.800,31.0,3.46,4.378,7263,220.41,15.78,450,750,412,1748,ON
45,2026-03-31 16:45:04.300,31.0,3.47,4.378,7310,220.22,15.97,443,743,411,1733,ON
46,2026-03-31 16:45:04.800,31.1,3.46,4.380,7375,220.06,16.12,442,744,412,1790,ON
47,2026-03-31 16:45:05.300,31.1,3.46,4.376,7437,219.92,16.27,442,747,417,1748,ON
48,2026-03-31 16:45:05.800,31.1,3.46,4.383,7506,219.75,16.44,440,748,420,1751,ON
49,2026-03-31 16:45:06.300,31.1,3.45,4.381,7586,219.60,16.59,438,746,420,1755,ON
50,2026-03-31 16:45:06.800,31.1,3.45,4.377,7645,219.43,16.76,435,743,421,1724,ON
51,2026-03-31 16:45:07.300,31.1,3.46,4.347,7710,219.27,16.92,429,738,420,1726,ON
52,2026-03-31 16:45:07.800,31.2,3.46,4.378,7771,219.12,17.07,424,736,420,1714,ON
53,2026-03-31 16:45:08.300,31.2,3.46,4.380,7844,218.95,17.23,420,730,420,1706,ON
54,2026-03-31 16:45:08.800,31.2,3.46,4.380,7898,218.80,17.39,417,727,420,1700,ON
55,2026-03-31 16:45:09.300,31.2,3.45,4.330,7947,218.64,17.55,417,731,423,1728,ON
56,2026-03-31 16:45:09.800,31.2,3.46,4.373,8014,218.47,17.71,412,725,422,1733,ON
57,2026-03-31 16:45:10.300,31.2,3.47,4.379,8083,218.30,17.89,409,725,425,1689,ON
58,2026-03-31 16:45:10.800,31.2,3.46,4.380,8167,218.14,18.05,408,727,427,1661,ON
59,2026-03-31 16:45:11.300,31.2,3.46,4.359,8235,217.99,18.20,403,721,426,1670,ON
60,2026-03-31 16:45:11.800,31.2,3.47,4.382,8286,217.83,18.36,398,718,427,1691,ON
61,2026-03-31 16:45:12.300,31.2,3.45,4.382,8331,217.67,18.52,395,714,426,1688,ON
62,2026-03-31 16:45:12.800,31.3,3.47,4.381,8372,217.51,18.67,389,706,427,1648,ON
63,2026-03-31 16:45:13.300,31.3,3.48,4.319,8412,217.35,18.84,388,708,428,1668,ON
64,2026-03-31 16:45:13.800,31.3,3.47,4.378,8479,217.20,18.99,385,707,430,1673,ON
65,2026-03-31 16:45:14.300,31.3,3.48,4.378,8557,217.04,19.15,385,709,434,1652,ON
66,2026-03-31 16:45:14.800,31.3,3.47,4.377,8618,216.88,19.30,381,705,434,1638,ON
67,2026-03-31 16:45:15.300,31.3,3.47,4.353,8673,216.73,19.46,376,702,435,1664,ON
68,2026-03-31 16:45:15.800,31.4,3.51,4.373,8726,216.57,19.62,372,697,434,1655,ON
69,2026-03-31 16:45:16.300,31.4,3.51,4.382,8772,216.39,19.79,369,695,435,1639,ON
70,2026-03-31 16:45:16.800,31.4,3.48,4.372,8835,216.23,19.95,367,695,437,1609,ON
71,2026-03-31 16:45:17.300,31.4,3.50,4.313,8898,216.08,20.11,363,693,438,1614,ON
72,2026-03-31 16:45:17.800,31.4,3.52,4.377,8970,215.91,20.28,360,689,439,1628,ON
73,2026-03-31 16:45:18.300,31.4,3.50,4.379,9032,215.77,20.42,355,684,437,1607,ON
74,2026-03-31 16:45:18.800,31.4,3.50,4.377,9089,215.60,20.58,353,686,443,1609,ON
75,2026-03-31 16:45:19.300,31.4,3.51,4.319,9141,215.45,20.74,350,682,443,1615,ON
76,2026-03-31 16:45:19.800,31.4,3.49,4.374,9194,215.28,20.91,346,679,445,1604,ON
77,2026-03-31 16:45:20.300,31.5,3.49,4.376,9256,215.12,21.07,342,674,445,1576,ON
78,2026-03-31 16:45:20.800,31.5,3.48,4.375,9316,214.96,21.23,341,676,449,1566,ON
79,2026-03-31 16:45:21.300,31.5,3.48,4.370,9371,214.80,21.39,338,673,448,1557,ON
80,2026-03-31 16:45:21.800,31.5,3.50,4.373,9420,214.62,21.56,332,665,446,1608,ON
81,2026-03-31 16:45:22.300,31.6,3.48,4.379,9475,214.47,21.72,330,666,450,1587,ON
82,2026-03-31 16:45:22.800,31.6,3.47,4.378,9545,214.31,21.87,329,668,455,1550,ON
83,2026-03-31 16:45:23.300,31.6,3.48,4.325,9604,214.15,22.03,324,661,455,1566,ON
84,2026-03-31 16:45:23.800,31.6,3.52,4.375,9661,214.01,22.18,321,659,456,1555,ON
85,2026-03-31 16:45:24.300,31.6,3.51,4.375,9714,213.84,22.35,319,658,458,1535,ON
86,2026-03-31 16:45:24.800,31.6,3.49,4.373,9766,213.69,22.50,316,656,460,1543,ON
87,2026-03-31 16:45:25.300,31.6,3.52,4.368,9836,213.52,22.66,314,655,462,1560,ON
88,2026-03-31 16:45:25.800,31.6,3.53,4.375,9910,213.36,22.83,311,653,464,1566,ON
89,2026-03-31 16:45:26.300,31.6,3.50,4.374,10006,213.21,22.98,310,652,466,1553,ON
90,2026-03-31 16:45:26.800,31.7,3.49,4.374,10089,213.04,23.14,308,651,467,1547,ON
91,2026-03-31 16:45:27.300,31.7,3.50,4.346,10141,212.87,23.32,304,648,470,1557,ON
92,2026-03-31 16:45:27.800,31.7,3.52,4.373,10183,212.71,23.48,302,647,471,1531,ON
93,2026-03-31 16:45:28.300,31.7,3.53,4.374,10239,212.55,23.64,301,646,472,1520,ON
94,2026-03-31 16:45:28.800,31.7,3.52,4.374,10308,212.39,23.80,297,641,474,1528,ON
95,2026-03-31 16:45:29.300,31.7,3.52,4.363,10369,212.22,23.96,294,639,475,1535,ON
96,2026-03-31 16:45:29.800,31.7,3.56,4.375,10428,212.09,24.10,293,639,480,1532,ON
97,2026-03-31 16:45:30.300,31.7,3.59,4.362,10471,211.92,24.26,290,638,482,1523,ON
98,2026-03-31 16:45:30.800,31.7,3.58,4.378,10516,211.76,24.43,288,636,483,1524,ON
99,2026-03-31 16:45:31.300,31.7,3.55,4.353,10574,211.60,24.58,284,631,485,1503,ON
100,2026-03-31 16:45:31.800,31.8,3.56,4.353,10630,211.44,24.75,283,631,487,1496,ON
101,2026-03-31 16:45:32.300,31.8,3.56,4.372,10676,211.28,24.90,281,630,490,1508,ON
102,2026-03-31 16:45:32.800,31.8,3.55,4.374,10721,211.12,25.07,280,629,491,1531,ON
103,2026-03-31 16:45:33.300,31.8,3.54,4.344,10782,210.95,25.24,277,625,493,1510,ON
104,2026-03-31 16:45:33.800,31.8,3.57,4.373,10845,210.79,25.40,275,624,496,1503,ON
105,2026-03-31 16:45:34.300,31.9,3.61,4.350,10904,210.62,25.56,273,622,499,1521,ON
106,2026-03-31 16:45:34.800,31.9,3.61,4.347,10973,210.48,25.70,271,621,501,1518,ON
107,2026-03-31 16:45:35.300,31.9,3.60,4.363,11043,210.31,25.87,269,619,500,1478,ON
108,2026-03-31 16:45:35.800,31.9,3.61,4.373,11122,210.16,26.03,267,617,504,1483,ON
109,2026-03-31 16:45:36.300,31.9,3.64,4.364,11217,210.01,26.18,265,614,506,1516,ON
110,2026-03-31 16:45:36.800,31.9,3.63,4.358,11291,209.83,26.35,264,615,508,1511,ON
111,2026-03-31 16:45:37.300,31.9,3.65,4.327,11351,209.67,26.51,262,614,511,1491,ON
112,2026-03-31 16:45:37.800,31.9,3.67,4.348,11403,209.52,26.67,260,612,514,1492,ON
113,2026-03-31 16:45:38.300,32.0,3.69,4.342,11454,209.37,26.82,258,608,514,1497,ON
114,2026-03-31 16:45:38.800,32.0,3.69,4.351,11526,209.17,27.02,256,606,517,1503,ON
115,2026-03-31 16:45:39.300,32.0,3.64,4.330,11591,209.01,27.17,253,602,517,1473,ON
116,2026-03-31 16:45:39.800,32.0,3.63,4.349,11638,208.87,27.32,254,608,525,1482,ON
117,2026-03-31 16:45:40.300,32.0,3.64,4.366,11693,208.71,27.48,251,605,524,1514,ON
118,2026-03-31 16:45:40.800,32.0,3.64,4.339,11762,208.54,27.65,249,604,527,1479,ON
119,2026-03-31 16:45:41.300,32.0,3.64,4.348,11857,208.38,27.81,248,601,529,1484,ON
120,2026-03-31 16:45:41.800,32.1,3.69,4.334,11931,208.22,27.96,247,600,532,1504,ON
121,2026-03-31 16:45:42.300,32.1,3.71,4.353,11989,208.07,28.11,245,598,535,1503,ON
122,2026-03-31 16:45:42.800,32.1,3.77,4.299,12045,207.93,28.26,244,597,538,1505,ON
123,2026-03-31 16:45:43.300,32.1,3.80,4.327,12125,207.77,28.41,243,598,541,1470,ON
124,2026-03-31 16:45:43.800,32.1,3.81,4.339,12205,207.58,28.61,241,595,543,1494,ON
125,2026-03-31 16:45:44.300,32.1,3.81,4.319,12270,207.42,28.76,241,598,548,1499,ON
126,2026-03-31 16:45:44.800,32.1,3.81,4.310,12325,207.25,28.93,238,595,547,1492,ON
127,2026-03-31 16:45:45.300,32.1,3.88,4.330,12376,207.10,29.08,237,594,552,1490,ON
128,2026-03-31 16:45:45.800,32.1,3.88,4.319,12427,206.94,29.25,235,591,552,1492,ON
129,2026-03-31 16:45:46.300,32.1,3.88,4.331,12481,206.79,29.40,234,588,555,1496,ON
130,2026-03-31 16:45:46.800,32.2,3.89,4.257,12549,206.64,29.55,234,591,556,1475,ON
131,2026-03-31 16:45:47.300,32.2,3.88,4.334,12610,206.49,29.70,233,591,562,1478,ON
132,2026-03-31 16:45:47.800,32.2,3.90,4.300,12688,206.32,29.87,231,588,566,1488,ON
133,2026-03-31 16:45:48.300,32.2,3.89,4.341,12753,206.15,30.04,228,584,565,1489,ON
134,2026-03-31 16:45:48.800,32.2,3.93,4.316,12818,205.99,30.20,228,585,569,1490,ON
135,2026-03-31 16:45:49.300,32.2,3.95,4.318,12880,205.85,30.34,226,580,570,1491,ON
136,2026-03-31 16:45:49.800,32.2,3.99,4.315,12931,205.66,30.53,225,578,572,1502,ON
137,2026-03-31 16:45:50.300,32.2,4.00,4.320,12977,205.49,30.70,223,580,578,1465,ON
138,2026-03-31 16:45:50.800,32.3,3.99,4.304,13022,205.33,30.85,223,583,583,1468,ON
139,2026-03-31 16:45:51.300,32.3,4.05,4.287,13055,205.19,31.00,222,578,582,1482,ON
140,2026-03-31 16:45:51.800,32.3,4.09,4.302,13088,205.03,31.16,220,574,583,1471,ON
141,2026-03-31 16:45:52.300,32.3,4.06,4.308,13137,204.86,31.32,220,574,587,1478,ON
142,2026-03-31 16:45:52.800,32.3,4.09,4.239,13192,204.71,31.48,219,574,589,1497,ON
143,2026-03-31 16:45:53.300,32.3,4.09,4.313,13245,204.54,31.65,216,569,588,1491,ON
144,2026-03-31 16:45:53.800,32.3,4.15,4.270,13292,204.39,31.80,214,563,589,1487,ON
145,2026-03-31 16:45:54.300,32.3,4.27,4.261,13343,204.24,31.95,213,562,594,1467,ON
146,2026-03-31 16:45:54.800,32.3,4.40,4.239,13397,204.05,32.14,213,562,597,1472,ON
147,2026-03-31 16:45:55.300,32.4,4.42,4.241,13456,203.89,32.29,212,559,599,1476,ON
148,2026-03-31 16:45:55.800,32.4,4.49,4.246,13506,203.74,32.45,211,558,601,1452,ON
149,2026-03-31 16:45:56.300,32.4,4.58,4.224,13550,203.59,32.60,209,553,602,1442,ON
150,2026-03-31 16:45:56.800,32.4,4.63,4.209,13600,203.42,32.77,209,550,604,1473,ON
151,2026-03-31 16:45:57.300,32.4,4.69,4.233,13675,203.26,32.93,207,543,603,1468,ON
152,2026-03-31 16:45:57.800,32.4,4.76,4.184,13737,203.09,33.10,206,542,606,1458,ON
153,2026-03-31 16:45:58.300,32.4,4.88,4.142,13771,202.93,33.26,204,540,608,1450,ON
154,2026-03-31 16:45:58.800,32.4,5.09,4.143,13794,202.78,33.41,204,537,610,1445,ON
155,2026-03-31 16:45:59.300,32.5,5.27,4.094,13835,202.63,33.55,203,528,609,1394,ON
156,2026-03-31 16:45:59.800,32.5,5.53,4.066,13874,202.48,33.71,199,512,604,1364,ON
157,2026-03-31 16:46:00.300,32.5,6.23,3.885,13898,202.32,33.86,195,487,598,1343,ON
158,2026-03-31 16:46:00.800,32.5,7.97,3.610,13958,202.12,34.07,189,457,584,1291,ON
159,2026-03-31 16:46:01.300,32.5,9.32,3.484,14054,201.96,34.23,184,426,572,1216,ON
160,2026-03-31 16:46:01.800,32.5,9.84,3.426,14173,201.81,34.38,179,394,557,1160,ON
161,2026-03-31 16:46:02.300,32.5,9.99,3.400,14351,201.65,34.54,174,367,546,1123,ON
162,2026-03-31 16:46:02.800,32.5,10.17,3.410,14561,201.50,34.69,171,349,536,1091,ON
163,2026-03-31 16:46:03.300,32.5,10.24,3.397,14771,201.35,34.84,169,337,531,1072,ON
164,2026-03-31 16:46:03.800,32.5,10.31,3.371,14981,201.18,35.01,168,329,527,1085,ON
165,2026-03-31 16:46:04.300,32.6,10.37,3.375,15191,201.02,35.17,166,320,521,1071,ON
166,2026-03-31 16:46:04.800,32.6,10.41,3.376,15401,200.85,35.34,167,319,522,1070,ON
167,2026-03-31 16:46:05.300,32.6,10.36,3.385,15574,200.70,35.49,167,318,522,1054,ON
168,2026-03-31 16:46:05.800,32.6,10.38,3.359,15704,200.56,35.63,166,316,519,1065,ON
169,2026-03-31 16:46:06.300,32.6,10.42,3.359,15840,200.39,35.80,166,315,519,1053,ON
170,2026-03-31 16:46:06.800,32.6,10.47,3.367,15957,200.21,35.98,166,316,519,1052,ON
171,2026-03-31 16:46:07.300,32.6,10.52,3.348,16082,200.05,36.14,167,314,518,1075,ON
172,2026-03-31 16:46:07.800,32.6,10.52,3.353,16208,199.90,36.29,166,313,516,1074,ON
173,2026-03-31 16:46:08.300,32.6,10.53,3.343,16362,199.74,36.45,166,315,517,1072,ON
174,2026-03-31 16:46:08.800,32.6,10.58,3.332,16510,199.57,36.62,167,316,518,1064,ON
175,2026-03-31 16:46:09.300,32.6,10.59,3.340,16628,199.43,36.76,166,316,519,1073,ON
176,2026-03-31 16:46:09.800,32.6,10.59,3.333,16724,199.26,36.92,167,317,520,1076,ON
177,2026-03-31 16:46:10.300,32.6,10.60,3.345,16845,199.11,37.07,168,318,521,1058,ON
178,2026-03-31 16:46:10.800,32.6,10.69,3.311,16967,198.94,37.25,168,318,521,1057,ON
179,2026-03-31 16:46:11.300,32.6,10.75,3.308,17073,198.77,37.42,167,317,520,1079,ON
180,2026-03-31 16:46:11.800,32.6,10.73,3.323,17193,198.62,37.57,167,317,520,1082,ON
181,2026-03-31 16:46:12.300,32.6,10.73,3.316,17297,198.47,37.72,168,317,521,1061,ON
182,2026-03-31 16:46:12.800,32.6,10.78,3.300,17407,198.30,37.89,168,318,522,1066,ON
183,2026-03-31 16:46:13.300,32.6,10.80,3.316,17557,198.13,38.06,169,319,523,1072,ON
184,2026-03-31 16:46:13.800,32.6,10.79,3.296,17688,197.96,38.23,169,319,522,1078,ON
185,2026-03-31 16:46:14.300,32.6,10.83,3.292,17803,197.81,38.38,169,320,523,1067,ON
186,2026-03-31 16:46:14.800,32.6,10.86,3.281,17914,197.65,38.53,169,320,524,1069,ON
187,2026-03-31 16:46:15.300,32.6,10.87,3.315,18058,197.50,38.68,170,322,525,1087,ON
188,2026-03-31 16:46:15.800,32.6,10.85,3.296,18238,197.34,38.84,170,322,525,1089,ON
189,2026-03-31 16:46:16.300,32.6,10.83,3.315,18401,197.18,39.00,170,322,526,1089,ON
190,2026-03-31 16:46:16.800,32.6,10.85,3.295,18499,197.02,39.17,170,322,524,1072,ON
191,2026-03-31 16:46:17.300,32.6,10.92,3.267,18588,196.86,39.33,169,321,525,1075,ON
192,2026-03-31 16:46:17.800,32.6,10.94,3.291,18684,196.68,39.51,170,323,526,1084,ON
193,2026-03-31 16:46:18.300,32.6,10.92,3.286,18785,196.54,39.65,170,323,525,1085,ON
194,2026-03-31 16:46:18.800,32.6,10.97,3.258,18897,196.37,39.82,170,324,527,1082,ON
195,2026-03-31 16:46:19.300,32.6,11.01,3.298,19021,196.21,39.98,170,323,527,1083,ON
196,2026-03-31 16:46:19.800,32.6,10.96,3.271,19171,196.04,40.15,171,324,527,1088,ON
197,2026-03-31 16:46:20.300,32.6,10.97,3.283,19294,195.89,40.30,171,324,526,1086,ON
198,2026-03-31 16:46:20.800,32.6,10.98,3.268,19392,195.74,40.44,171,324,527,1088,ON
199,2026-03-31 16:46:21.300,32.6,11.02,3.279,19485,195.58,40.61,172,325,528,1088,ON
200,2026-03-31 16:46:21.800,32.6,11.00,3.261,19575,195.42,40.77,172,326,529,1092,ON
201,2026-03-31 16:46:22.300,32.6,11.02,3.268,19696,195.25,40.93,172,325,527,1090,ON
202,2026-03-31 16:46:22.800,32.6,11.03,3.266,19825,195.10,41.08,171,325,526,1075,ON
203,2026-03-31 16:46:23.300,32.6,11.06,3.267,19963,194.92,41.27,171,325,528,1085,ON
204,2026-03-31 16:46:23.800,32.6,11.09,3.276,20135,194.75,41.43,172,327,529,1090,ON
205,2026-03-31 16:46:24.300,32.6,11.07,3.266,20262,194.60,41.58,172,328,531,1094,ON
206,2026-03-31 16:46:24.800,32.6,11.07,3.252,20366,194.45,41.74,172,328,530,1089,ON
207,2026-03-31 16:46:25.300,32.6,11.10,3.267,20457,194.29,41.90,173,329,532,1086,ON
208,2026-03-31 16:46:25.800,32.6,11.11,3.266,20580,194.13,42.06,172,328,530,1103,ON
209,2026-03-31 16:46:26.300,32.6,11.13,3.244,20732,193.97,42.22,173,329,531,1104,ON
210,2026-03-31 16:46:26.800,32.6,11.14,3.254,20869,193.80,42.38,173,329,530,1095,ON
211,2026-03-31 16:46:27.300,32.6,11.15,3.239,20959,193.65,42.54,173,330,531,1094,ON
212,2026-03-31 16:46:27.800,32.6,11.17,3.250,21047,193.49,42.70,173,330,532,1099,ON
213,2026-03-31 16:46:28.300,32.6,11.16,3.244,21175,193.33,42.85,173,330,532,1102,ON
214,2026-03-31 16:46:28.800,32.6,11.20,3.263,21294,193.16,43.03,174,331,533,1104,ON
215,2026-03-31 16:46:29.300,32.6,11.19,3.258,21454,193.00,43.19,174,332,535,1106,ON
216,2026-03-31 16:46:29.800,32.6,11.17,3.242,21595,192.84,43.35,174,332,534,1109,ON
217,2026-03-31 16:46:30.300,32.6,11.21,3.237,21684,192.68,43.51,174,332,534,1110,ON
218,2026-03-31 16:46:30.800,32.6,11.19,3.250,21740,192.53,43.66,174,332,533,1100,ON
219,2026-03-31 16:46:31.300,32.6,11.25,3.267,21877,192.37,43.82,174,332,534,1102,ON
220,2026-03-31 16:46:31.800,32.6,11.21,3.248,22038,192.20,43.98,175,334,535,1103,ON
221,2026-03-31 16:46:32.300,32.6,11.22,3.242,22188,192.05,44.14,174,333,533,1111,ON
222,2026-03-31 16:46:32.800,32.6,11.23,3.241,22290,191.88,44.30,175,334,535,1108,ON
223,2026-03-31 16:46:33.300,32.6,11.24,3.225,22374,191.73,44.46,175,334,535,1106,ON
224,2026-03-31 16:46:33.800,32.6,11.25,3.235,22433,191.56,44.63,175,335,535,1113,ON
225,2026-03-31 16:46:34.300,32.6,11.25,3.230,22502,191.39,44.80,175,334,534,1114,ON
226,2026-03-31 16:46:34.800,32.6,11.24,3.212,22647,191.22,44.96,176,336,536,1113,ON
227,2026-03-31 16:46:35.300,32.6,11.27,3.218,22786,191.06,45.12,176,337,537,1108,ON
228,2026-03-31 16:46:35.800,32.6,11.26,3.230,22905,190.91,45.28,176,337,538,1123,ON
229,2026-03-31 16:46:36.300,32.6,11.25,3.225,22968,190.75,45.44,176,338,537,1126,ON
230,2026-03-31 16:46:36.800,32.6,11.26,3.232,23021,190.60,45.59,176,336,536,1111,ON
231,2026-03-31 16:46:37.300,32.6,11.29,3.230,23121,190.43,45.75,177,339,539,1112,ON
232,2026-03-31 16:46:37.800,32.6,11.31,3.234,23224,190.27,45.91,178,340,541,1115,ON
233,2026-03-31 16:46:38.300,32.6,11.31,3.231,23349,190.12,46.07,178,341,541,1128,ON
234,2026-03-31 16:46:38.800,32.6,11.33,3.229,23459,189.95,46.24,178,340,541,1124,ON
235,2026-03-31 16:46:39.300,32.6,11.33,3.244,23551,189.81,46.38,177,340,540,1124,ON
236,2026-03-31 16:46:39.800,32.6,11.36,3.222,23656,189.62,46.56,177,341,541,1134,ON
237,2026-03-31 16:46:40.300,32.6,11.36,3.202,23781,189.46,46.72,178,341,540,1138,ON
238,2026-03-31 16:46:40.800,32.6,11.38,3.229,23896,189.31,46.88,178,342,541,1122,ON
239,2026-03-31 16:46:41.300,32.6,11.40,3.212,23983,189.15,47.04,179,343,543,1121,ON
240,2026-03-31 16:46:41.800,32.6,11.37,3.214,24061,188.99,47.20,179,344,543,1124,ON
241,2026-03-31 16:46:42.300,32.6,11.34,3.212,24157,188.83,47.36,178,342,541,1124,ON
242,2026-03-31 16:46:42.800,32.6,11.36,3.215,24273,188.67,47.51,178,342,540,1140,ON
243,2026-03-31 16:46:43.300,32.6,11.36,3.216,24372,188.51,47.67,180,344,542,1141,ON
244,2026-03-31 16:46:43.800,32.6,11.36,3.204,24474,188.35,47.83,180,346,544,1133,ON
245,2026-03-31 16:46:44.300,32.6,11.29,3.226,24562,188.20,47.99,180,347,545,1142,ON
246,2026-03-31 16:46:44.800,32.6,11.31,3.226,24641,188.04,48.15,180,347,545,1135,ON
247,2026-03-31 16:46:45.300,32.6,11.34,3.209,24747,187.86,48.33,181,348,545,1134,ON
248,2026-03-31 16:46:45.800,32.6,11.38,3.211,24882,187.71,48.48,181,349,547,1134,ON
249,2026-03-31 16:46:46.300,32.6,11.39,3.216,24980,187.54,48.64,181,350,547,1153,ON
250,2026-03-31 16:46:46.800,32.6,11.40,3.203,25095,187.38,48.81,181,348,546,1153,ON
251,2026-03-31 16:46:47.300,32.5,11.39,3.216,25204,187.23,48.96,181,350,547,1136,ON
252,2026-03-31 16:46:47.800,32.5,11.41,3.212,25272,187.08,49.11,181,350,548,1144,ON
253,2026-03-31 16:46:48.300,32.6,11.40,3.213,25320,186.91,49.28,181,349,546,1151,ON
254,2026-03-31 16:46:48.800,32.6,11.45,3.228,25350,186.75,49.43,181,351,547,1151,ON
255,2026-03-31 16:46:49.300,32.6,11.44,3.189,25433,186.59,49.60,182,352,549,1145,ON
256,2026-03-31 16:46:49.800,32.6,11.45,3.226,25594,186.44,49.75,183,353,550,1158,ON
257,2026-03-31 16:46:50.300,32.6,11.42,3.199,25752,186.27,49.91,182,353,549,1165,ON
258,2026-03-31 16:46:50.800,32.6,11.43,3.211,25839,186.10,50.09,183,353,549,1164,ON
259,2026-03-31 16:46:51.300,32.6,11.42,3.210,25894,185.94,50.25,183,354,550,1150,ON
260,2026-03-31 16:46:51.800,32.6,11.42,3.219,25993,185.78,50.41,183,355,550,1152,ON
261,2026-03-31 16:46:52.300,32.6,11.43,3.215,26068,185.62,50.56,184,357,553,1165,ON
262,2026-03-31 16:46:52.800,32.6,11.42,3.201,26110,185.47,50.72,184,357,553,1163,ON
263,2026-03-31 16:46:53.300,32.6,11.45,3.203,26177,185.30,50.88,184,357,552,1160,ON
264,2026-03-31 16:46:53.800,32.5,11.47,3.183,26270,185.15,51.04,184,358,553,1173,ON
265,2026-03-31 16:46:54.300,32.5,11.49,3.195,26425,184.99,51.20,185,358,553,1174,ON
266,2026-03-31 16:46:54.800,32.5,11.44,3.199,26558,184.83,51.35,185,358,552,1178,ON
267,2026-03-31 16:46:55.300,32.5,11.47,3.187,26640,184.68,51.51,186,361,556,1159,ON
268,2026-03-31 16:46:55.800,32.6,11.50,3.212,26725,184.49,51.70,185,361,556,1163,ON
269,2026-03-31 16:46:56.300,32.5,11.53,3.192,26805,184.34,51.85,185,360,553,1177,ON
270,2026-03-31 16:46:56.800,32.5,11.54,3.190,26866,184.18,52.01,185,360,552,1177,ON
271,2026-03-31 16:46:57.300,32.5,11.53,3.199,26970,184.02,52.17,185,361,555,1173,ON
272,2026-03-31 16:46:57.800,32.5,11.51,3.206,27048,183.87,52.32,185,363,556,1176,ON
273,2026-03-31 16:46:58.300,32.5,11.51,3.187,27115,183.71,52.48,185,363,555,1181,ON
274,2026-03-31 16:46:58.800,32.5,11.51,3.179,27184,183.56,52.63,185,362,555,1169,ON
275,2026-03-31 16:46:59.300,32.5,11.53,3.189,27262,183.39,52.80,186,364,557,1171,ON
276,2026-03-31 16:46:59.800,32.5,11.52,3.188,27369,183.23,52.95,187,366,559,1172,ON
277,2026-03-31 16:47:00.300,32.5,11.53,3.201,27499,183.08,53.11,187,366,558,1190,ON
278,2026-03-31 16:47:00.800,32.5,11.53,3.185,27621,182.91,53.27,186,365,557,1190,ON
279,2026-03-31 16:47:01.300,32.5,11.51,3.189,27703,182.74,53.45,188,366,557,1191,ON
280,2026-03-31 16:47:01.800,32.5,11.50,3.205,27754,182.58,53.61,188,368,557,1183,ON
281,2026-03-31 16:47:02.300,32.5,11.51,3.192,27805,182.42,53.77,188,368,559,1187,ON
282,2026-03-31 16:47:02.800,32.5,11.50,3.212,27868,182.26,53.93,188,368,559,1188,ON
283,2026-03-31 16:47:03.300,32.5,11.49,3.192,27971,182.10,54.08,188,369,559,1186,ON
284,2026-03-31 16:47:03.800,32.5,11.50,3.190,28068,181.94,54.25,189,371,559,1184,ON
285,2026-03-31 16:47:04.300,32.5,11.51,3.176,28151,181.79,54.40,188,370,559,1201,ON
286,2026-03-31 16:47:04.800,32.5,11.54,3.181,28249,181.63,54.56,187,370,559,1203,ON
287,2026-03-31 16:47:05.300,32.5,11.52,3.195,28338,181.47,54.72,187,370,559,1183,ON
288,2026-03-31 16:47:05.800,32.5,11.49,3.190,28455,181.32,54.86,189,373,562,1190,ON
289,2026-03-31 16:47:06.300,32.5,11.49,3.209,28578,181.16,55.03,189,371,559,1201,ON
290,2026-03-31 16:47:06.800,32.5,11.52,3.166,28695,181.00,55.19,189,372,560,1198,ON
291,2026-03-31 16:47:07.300,32.5,11.51,3.202,28816,180.82,55.37,190,375,563,1194,ON
292,2026-03-31 16:47:07.800,32.5,11.50,3.195,28907,180.66,55.52,189,374,562,1209,ON
293,2026-03-31 16:47:08.300,32.5,11.55,3.185,28942,180.50,55.69,189,375,563,1211,ON
294,2026-03-31 16:47:08.800,32.5,11.53,3.194,28957,180.34,55.85,190,376,563,1214,ON
295,2026-03-31 16:47:09.300,32.5,11.54,3.190,29043,180.19,56.00,191,377,565,1194,ON
296,2026-03-31 16:47:09.800,32.5,11.55,3.182,29120,180.03,56.16,191,377,564,1197,ON
297,2026-03-31 16:47:10.300,32.5,11.55,3.202,29180,179.87,56.32,191,379,564,1212,ON
298,2026-03-31 16:47:10.800,32.5,11.56,3.188,29245,179.71,56.48,190,378,562,1211,ON
299,2026-03-31 16:47:11.300,32.5,11.56,3.186,29325,179.55,56.63,190,378,563,1204,ON
300,2026-03-31 16:47:11.800,32.5,11.57,3.170,29422,179.40,56.79,191,380,566,1210,ON
301,2026-03-31 16:47:12.300,32.5,11.60,3.208,29471,179.22,56.97,192,381,566,1220,ON
302,2026-03-31 16:47:12.800,32.5,11.59,3.189,29503,179.06,57.13,191,381,566,1206,ON
303,2026-03-31 16:47:13.300,32.5,11.56,3.179,29585,178.90,57.28,191,382,566,1206,ON
304,2026-03-31 16:47:13.800,32.5,11.58,3.203,29684,178.74,57.44,192,383,567,1206,ON
305,2026-03-31 16:47:14.300,32.5,11.53,3.188,29741,178.59,57.60,193,384,568,1229,ON
306,2026-03-31 16:47:14.800,32.5,11.57,3.178,29777,178.43,57.75,193,383,566,1225,ON
307,2026-03-31 16:47:15.300,32.5,11.61,3.170,29845,178.27,57.92,193,386,570,1214,ON
308,2026-03-31 16:47:15.800,32.5,11.64,3.161,29915,178.12,58.07,194,387,571,1223,ON
309,2026-03-31 16:47:16.300,32.4,11.62,3.189,30022,177.95,58.23,193,386,569,1225,ON
310,2026-03-31 16:47:16.800,32.4,11.59,3.188,30153,177.80,58.39,193,387,569,1226,ON
311,2026-03-31 16:47:17.300,32.4,11.57,3.195,30242,177.63,58.55,194,388,569,1216,ON
312,2026-03-31 16:47:17.800,32.5,11.55,3.179,30299,177.48,58.71,194,388,569,1234,ON
313,2026-03-31 16:47:18.300,32.5,11.58,3.182,30351,177.30,58.89,194,389,569,1238,ON
314,2026-03-31 16:47:18.800,32.5,11.57,3.199,30428,177.14,59.05,194,390,570,1241,ON
315,2026-03-31 16:47:19.300,32.5,11.57,3.181,30503,176.98,59.20,195,391,568,1222,ON
316,2026-03-31 16:47:19.800,32.4,11.63,3.182,30578,176.83,59.36,196,392,571,1230,ON
317,2026-03-31 16:47:20.300,32.4,11.60,3.186,30672,176.67,59.52,196,392,571,1243,ON
318,2026-03-31 16:47:20.800,32.4,11.61,3.173,30763,176.51,59.68,195,393,571,1239,ON
319,2026-03-31 16:47:21.300,32.4,11.58,3.205,30831,176.35,59.84,196,394,573,1241,ON
320,2026-03-31 16:47:21.800,32.4,11.54,3.183,30906,176.19,60.00,196,395,574,1245,ON
321,2026-03-31 16:47:22.300,32.4,11.57,3.180,30998,176.03,60.15,196,395,573,1243,ON
322,2026-03-31 16:47:22.800,32.5,11.59,3.157,31057,175.87,60.31,195,394,571,1236,ON
323,2026-03-31 16:47:23.300,32.5,11.60,3.203,31146,175.72,60.47,197,396,573,1232,ON
324,2026-03-31 16:47:23.800,32.4,11.64,3.180,31239,175.54,60.65,197,397,574,1237,ON
325,2026-03-31 16:47:24.300,32.4,11.65,3.170,31305,175.38,60.80,196,396,572,1255,ON
326,2026-03-31 16:47:24.800,32.4,11.66,3.195,31370,175.22,60.96,197,397,573,1258,ON
327,2026-03-31 16:47:25.300,32.4,11.62,3.190,31473,175.06,61.13,198,400,572,1246,ON
328,2026-03-31 16:47:25.800,32.4,11.60,3.179,31594,174.91,61.28,198,400,574,1253,ON
329,2026-03-31 16:47:26.300,32.4,11.64,3.182,31648,174.76,61.43,198,401,576,1258,ON
330,2026-03-31 16:47:26.800,32.4,11.64,3.163,31683,174.59,61.60,198,402,574,1242,ON
331,2026-03-31 16:47:27.300,32.4,11.63,3.180,31763,174.43,61.76,199,402,575,1246,ON
332,2026-03-31 16:47:27.800,32.4,11.63,3.180,31853,174.27,61.91,199,403,576,1263,ON
333,2026-03-31 16:47:28.300,32.4,11.64,3.167,31948,174.12,62.07,198,402,575,1261,ON
334,2026-03-31 16:47:28.800,32.4,11.65,3.166,32045,173.96,62.23,200,405,578,1259,ON
335,2026-03-31 16:47:29.300,32.4,11.63,3.191,32132,173.78,62.41,200,405,577,1267,ON
336,2026-03-31 16:47:29.800,32.4,11.67,3.155,32225,173.62,62.57,199,405,577,1273,ON
337,2026-03-31 16:47:30.300,32.4,11.66,3.167,32286,173.46,62.73,199,405,577,1249,ON
338,2026-03-31 16:47:30.800,32.4,11.68,3.165,32320,173.31,62.88,200,407,578,1257,ON
339,2026-03-31 16:47:31.300,32.4,11.70,3.163,32345,173.15,63.04,199,406,576,1259,ON
340,2026-03-31 16:47:31.800,32.4,11.65,3.179,32395,172.99,63.20,199,407,577,1263,ON
341,2026-03-31 16:47:32.300,32.4,11.63,3.175,32454,172.83,63.36,200,409,578,1259,ON
342,2026-03-31 16:47:32.800,32.4,11.66,3.166,32518,172.67,63.52,201,410,579,1276,ON
343,2026-03-31 16:47:33.300,32.4,11.67,3.165,32606,172.51,63.67,201,410,579,1275,ON
344,2026-03-31 16:47:33.800,32.4,11.69,3.164,32698,172.35,63.83,201,410,578,1282,ON
345,2026-03-31 16:47:34.300,32.4,11.67,3.181,32765,172.20,63.99,201,410,577,1266,ON
346,2026-03-31 16:47:34.800,32.4,11.64,3.182,32815,172.02,64.17,201,412,579,1274,ON
347,2026-03-31 16:47:35.300,32.4,11.63,3.169,32856,171.85,64.33,201,412,579,1273,ON
348,2026-03-31 16:47:35.800,32.4,11.64,3.161,32904,171.70,64.49,202,414,580,1268,ON
349,2026-03-31 16:47:36.300,32.5,11.64,3.177,32975,171.54,64.65,203,415,581,1270,ON
350,2026-03-31 16:47:36.800,32.5,11.69,3.154,33052,171.39,64.80,202,415,580,1289,ON
351,2026-03-31 16:47:37.300,32.5,11.68,3.139,33125,171.23,64.96,202,415,580,1292,ON
352,2026-03-31 16:47:37.800,32.4,11.68,3.159,33215,171.07,65.12,202,416,581,1278,ON
353,2026-03-31 16:47:38.300,32.4,11.66,3.168,33282,170.91,65.28,203,418,582,1285,ON
354,2026-03-31 16:47:38.800,32.4,11.65,3.163,33324,170.75,65.44,203,418,582,1288,ON
355,2026-03-31 16:47:39.300,32.4,11.67,3.151,33400,170.59,65.59,204,420,584,1281,ON
356,2026-03-31 16:47:39.800,32.4,11.71,3.137,33493,170.43,65.75,204,421,584,1282,ON
357,2026-03-31 16:47:40.300,32.4,11.68,3.181,33565,170.28,65.91,203,420,582,1298,ON
358,2026-03-31 16:47:40.800,32.4,11.70,3.164,33657,170.09,66.09,204,421,583,1303,ON
359,2026-03-31 16:47:41.300,32.4,11.72,3.162,33733,169.94,66.25,204,424,583,1292,ON
360,2026-03-31 16:47:41.800,32.4,11.73,3.151,33810,169.78,66.40,204,423,584,1299,ON
361,2026-03-31 16:47:42.300,32.4,11.72,3.160,33872,169.62,66.56,204,423,584,1288,ON
362,2026-03-31 16:47:42.800,32.4,11.70,3.158,33908,169.46,66.73,205,426,586,1287,ON
363,2026-03-31 16:47:43.300,32.4,11.66,3.186,33934,169.31,66.88,205,427,587,1292,ON
364,2026-03-31 16:47:43.800,32.4,11.64,3.186,34039,169.15,67.04,205,428,587,1305,ON
365,2026-03-31 16:47:44.300,32.4,11.65,3.179,34113,168.99,67.20,205,427,586,1299,ON
366,2026-03-31 16:47:44.800,32.4,11.65,3.181,34175,168.83,67.36,206,430,588,1295,ON
367,2026-03-31 16:47:45.300,32.4,11.67,3.175,34267,168.67,67.52,205,428,586,1314,ON
368,2026-03-31 16:47:45.800,32.4,11.66,3.173,34344,168.51,67.67,206,429,586,1314,ON
369,2026-03-31 16:47:46.300,32.4,11.68,3.151,34379,168.33,67.85,206,431,587,1299,ON
370,2026-03-31 16:47:46.800,32.4,11.72,3.169,34417,168.18,68.01,207,432,589,1307,ON
371,2026-03-31 16:47:47.300,32.4,11.69,3.178,34496,168.02,68.17,206,432,587,1312,ON
372,2026-03-31 16:47:47.800,32.4,11.69,3.177,34581,167.87,68.32,207,432,587,1306,ON
373,2026-03-31 16:47:48.300,32.4,11.68,3.165,34672,167.71,68.48,208,434,589,1307,ON
374,2026-03-31 16:47:48.800,32.4,11.70,3.143,34782,167.55,68.64,208,435,589,1327,ON
375,2026-03-31 16:47:49.300,32.4,11.74,3.167,34873,167.38,68.81,208,434,588,1327,ON
376,2026-03-31 16:47:49.800,32.4,11.73,3.135,34942,167.23,68.95,208,437,589,1323,ON
377,2026-03-31 16:47:50.300,32.4,11.74,3.164,35007,167.08,69.11,208,438,590,1325,ON
378,2026-03-31 16:47:50.800,32.4,11.74,3.153,35057,166.92,69.27,209,440,592,1333,ON
379,2026-03-31 16:47:51.300,32.4,11.69,3.152,35108,166.74,69.45,209,440,591,1336,ON
380,2026-03-31 16:47:51.800,32.4,11.70,3.168,35152,166.58,69.61,209,441,592,1318,ON
381,2026-03-31 16:47:52.300,32.4,11.72,3.162,35213,166.42,69.77,210,443,593,1318,ON
382,2026-03-31 16:47:52.800,32.4,11.73,3.146,35236,166.26,69.93,210,444,593,1326,ON
383,2026-03-31 16:47:53.300,32.4,11.71,3.177,35262,166.10,70.09,209,447,595,1340,ON
384,2026-03-31 16:47:53.800,32.4,11.69,3.176,35317,165.94,70.24,210,446,593,1337,ON
385,2026-03-31 16:47:54.300,32.4,11.73,3.171,35396,165.79,70.40,211,446,594,1340,ON
386,2026-03-31 16:47:54.800,32.4,11.74,3.181,35470,165.62,70.57,211,445,594,1342,ON
387,2026-03-31 16:47:55.300,32.4,11.68,3.173,35524,165.47,70.72,211,446,595,1346,ON
388,2026-03-31 16:47:55.800,32.4,11.70,3.148,35561,165.32,70.87,210,445,593,1326,ON
389,2026-03-31 16:47:56.300,32.4,11.75,3.159,35633,165.13,71.06,212,447,596,1331,ON
390,2026-03-31 16:47:56.800,32.4,11.75,3.186,35682,164.98,71.21,211,446,593,1339,ON
391,2026-03-31 16:47:57.300,32.4,11.70,3.160,35738,164.82,71.36,211,447,594,1337,ON
392,2026-03-31 16:47:57.800,32.4,11.70,3.159,35806,164.66,71.53,212,448,595,1338,ON
393,2026-03-31 16:47:58.300,32.4,11.74,3.155,35867,164.50,71.68,213,450,597,1355,ON
394,2026-03-31 16:47:58.800,32.4,11.71,3.164,35928,164.34,71.85,213,451,597,1363,ON
395,2026-03-31 16:47:59.300,32.4,11.75,3.154,35986,164.19,72.00,213,451,597,1356,ON
396,2026-03-31 16:47:59.800,32.4,11.78,3.142,36068,164.03,72.16,213,450,595,1342,ON
397,2026-03-31 16:48:00.300,32.4,11.75,3.154,36148,163.87,72.32,213,453,597,1354,ON
398,2026-03-31 16:48:00.800,32.4,11.77,3.183,36215,163.71,72.48,212,452,596,1347,ON
399,2026-03-31 16:48:01.300,32.4,11.74,3.161,36267,163.56,72.63,213,454,598,1345,ON
400,2026-03-31 16:48:01.800,32.4,11.74,3.167,36325,163.37,72.81,213,455,598,1349,ON
401,2026-03-31 16:48:02.300,32.4,11.72,3.164,36373,163.21,72.97,213,454,596,1366,ON
402,2026-03-31 16:48:02.800,32.4,11.71,3.175,36438,163.05,73.14,214,456,598,1358,ON
403,2026-03-31 16:48:03.300,32.3,11.76,3.152,36525,162.90,73.29,215,458,600,1360,ON
404,2026-03-31 16:48:03.800,32.3,11.74,3.157,36617,162.74,73.45,215,459,600,1369,ON
405,2026-03-31 16:48:04.300,32.4,11.76,3.194,36690,162.58,73.61,214,459,600,1373,ON
406,2026-03-31 16:48:04.800,32.4,11.71,3.141,36722,162.42,73.77,215,461,601,1354,ON
407,2026-03-31 16:48:05.300,32.4,11.76,3.156,36772,162.26,73.93,217,463,602,1358,ON
408,2026-03-31 16:48:05.800,32.4,11.78,3.152,36834,162.10,74.09,215,460,599,1376,ON
409,2026-03-31 16:48:06.300,32.4,11.76,3.148,36882,161.94,74.25,215,462,601,1367,ON
410,2026-03-31 16:48:06.800,32.3,11.74,3.159,36925,161.79,74.40,216,464,602,1373,ON
411,2026-03-31 16:48:07.300,32.4,11.76,3.146,36990,161.63,74.56,217,465,602,1383,ON
412,2026-03-31 16:48:07.800,32.4,11.80,3.144,37064,161.45,74.74,216,465,602,1386,ON
413,2026-03-31 16:48:08.300,32.4,11.74,3.155,37142,161.28,74.90,217,467,603,1364,ON
414,2026-03-31 16:48:08.800,32.4,11.76,3.142,37209,161.13,75.05,218,469,605,1366,ON
415,2026-03-31 16:48:09.300,32.4,11.74,3.128,37240,160.97,75.21,219,470,606,1392,ON
416,2026-03-31 16:48:09.800,32.4,11.74,3.167,37276,160.81,75.37,217,469,604,1383,ON
417,2026-03-31 16:48:10.300,32.4,11.77,3.130,37314,160.65,75.54,218,470,604,1384,ON
418,2026-03-31 16:48:10.800,32.4,11.81,3.126,37382,160.50,75.69,219,472,606,1385,ON
419,2026-03-31 16:48:11.300,32.4,11.83,3.159,37431,160.34,75.85,218,472,605,1394,ON
420,2026-03-31 16:48:11.800,32.3,11.82,3.134,37503,160.18,76.01,218,471,604,1377,ON
421,2026-03-31 16:48:12.300,32.4,11.80,3.163,37614,160.02,76.17,219,474,606,1378,ON
422,2026-03-31 16:48:12.800,32.4,11.79,3.163,37673,159.86,76.33,218,473,604,1386,ON
423,2026-03-31 16:48:13.300,32.3,11.75,3.173,37696,159.69,76.50,218,473,603,1399,ON
424,2026-03-31 16:48:13.800,32.3,11.74,3.181,37722,159.53,76.66,219,475,605,1397,ON
425,2026-03-31 16:48:14.300,32.4,11.74,3.141,37782,159.37,76.81,220,478,607,1395,ON
426,2026-03-31 16:48:14.800,32.3,11.75,3.150,37832,159.21,76.98,220,478,607,1401,ON
427,2026-03-31 16:48:15.300,32.3,11.78,3.154,37901,159.05,77.13,221,479,609,1411,ON
428,2026-03-31 16:48:15.800,32.3,11.82,3.138,37969,158.89,77.30,221,482,610,1388,ON
429,2026-03-31 16:48:16.300,32.4,11.78,3.147,38057,158.73,77.45,221,482,610,1392,ON
430,2026-03-31 16:48:16.800,32.4,11.79,3.167,38119,158.57,77.61,221,483,610,1413,ON
431,2026-03-31 16:48:17.300,32.3,11.76,3.143,38157,158.42,77.77,221,482,609,1415,ON
432,2026-03-31 16:48:17.800,32.3,11.79,3.141,38197,158.26,77.93,222,483,609,1415,ON
433,2026-03-31 16:48:18.300,32.3,11.81,3.156,38253,158.10,78.09,221,482,607,1397,ON
434,2026-03-31 16:48:18.800,32.4,11.78,3.172,38326,157.92,78.26,222,484,610,1406,ON
435,2026-03-31 16:48:19.300,32.4,11.74,3.159,38416,157.76,78.42,222,484,608,1415,ON
436,2026-03-31 16:48:19.800,32.4,11.78,3.153,38456,157.61,78.58,222,485,609,1417,ON
437,2026-03-31 16:48:20.300,32.3,11.78,3.168,38469,157.45,78.74,223,488,612,1410,ON
438,2026-03-31 16:48:20.800,32.3,11.78,3.135,38504,157.29,78.90,223,488,611,1418,ON
439,2026-03-31 16:48:21.300,32.3,11.77,3.148,38567,157.13,79.06,223,489,612,1427,ON
440,2026-03-31 16:48:21.800,32.3,11.78,3.156,38634,156.97,79.22,223,488,610,1405,ON
441,2026-03-31 16:48:22.300,32.3,11.78,3.154,38713,156.81,79.38,224,491,612,1408,ON
442,2026-03-31 16:48:22.800,32.3,11.78,3.168,38796,156.65,79.54,225,493,614,1409,ON
443,2026-03-31 16:48:23.300,32.3,11.79,3.178,38843,156.50,79.69,223,490,610,1433,ON
444,2026-03-31 16:48:23.800,32.3,11.78,3.157,38876,156.34,79.85,225,493,613,1424,ON
445,2026-03-31 16:48:24.300,32.3,11.79,3.168,38884,156.18,80.01,224,494,613,1433,ON
446,2026-03-31 16:48:24.800,32.3,11.82,3.140,38900,156.00,80.19,225,494,613,1439,ON
447,2026-03-31 16:48:25.300,32.3,11.80,3.162,38910,155.84,80.35,224,494,612,1412,ON
448,2026-03-31 16:48:25.800,32.3,11.77,3.153,38943,155.68,80.51,226,497,615,1420,ON
449,2026-03-31 16:48:26.300,32.3,11.77,3.151,39006,155.52,80.66,226,499,616,1427,ON
450,2026-03-31 16:48:26.800,32.3,11.78,3.158,39089,155.36,80.83,225,497,616,1439,ON
451,2026-03-31 16:48:27.300,32.3,11.80,3.161,39145,155.21,80.98,226,498,615,1429,ON
452,2026-03-31 16:48:27.800,32.3,11.82,3.158,39210,155.04,81.14,227,500,616,1448,ON
453,2026-03-31 16:48:28.300,32.3,11.80,3.158,39254,154.89,81.30,227,501,616,1448,ON
454,2026-03-31 16:48:28.800,32.3,11.77,3.151,39302,154.73,81.46,227,501,616,1429,ON
455,2026-03-31 16:48:29.300,32.3,11.79,3.153,39354,154.57,81.62,227,503,617,1434,ON
456,2026-03-31 16:48:29.800,32.3,11.81,3.153,39403,154.41,81.77,227,503,616,1443,ON
457,2026-03-31 16:48:30.300,32.3,11.79,3.161,39474,154.23,81.96,228,504,617,1442,ON
458,2026-03-31 16:48:30.800,32.3,11.80,3.117,39541,154.07,82.12,228,506,618,1434,ON
459,2026-03-31 16:48:31.300,32.3,11.76,3.134,39571,153.91,82.28,228,507,619,1457,ON
460,2026-03-31 16:48:31.800,32.3,11.77,3.156,39624,153.76,82.43,228,507,618,1461,ON
461,2026-03-31 16:48:32.300,32.3,11.79,3.133,39658,153.60,82.59,229,509,616,1462,ON
462,2026-03-31 16:48:32.800,32.3,11.82,3.152,39698,153.44,82.75,230,508,616,1448,ON
463,2026-03-31 16:48:33.300,32.3,11.81,3.156,39729,153.28,82.91,229,509,619,1453,ON
464,2026-03-31 16:48:33.800,32.3,11.79,3.150,39771,153.12,83.07,230,510,620,1461,ON
465,2026-03-31 16:48:34.300,32.3,11.79,3.143,39825,152.97,83.22,229,511,619,1452,ON
466,2026-03-31 16:48:34.800,32.3,11.78,3.176,39874,152.80,83.38,229,512,619,1452,ON
467,2026-03-31 16:48:35.300,32.3,11.76,3.159,39936,152.65,83.54,230,513,621,1470,ON
468,2026-03-31 16:48:35.800,32.3,11.81,3.164,40000,152.47,83.72,229,512,618,1471,ON
469,2026-03-31 16:48:36.300,32.3,11.81,3.152,40028,152.31,83.88,230,515,622,1475,ON
470,2026-03-31 16:48:36.800,32.3,11.77,3.158,40066,152.15,84.04,231,518,624,1463,ON
471,2026-03-31 16:48:37.300,32.3,11.80,3.146,40112,151.99,84.20,231,517,623,1470,ON
472,2026-03-31 16:48:37.800,32.3,11.81,3.151,40173,151.83,84.36,230,515,620,1473,ON
473,2026-03-31 16:48:38.300,32.3,11.78,3.173,40234,151.67,84.51,231,517,622,1457,ON
474,2026-03-31 16:48:38.800,32.3,11.81,3.153,40302,151.51,84.68,232,518,623,1458,ON
475,2026-03-31 16:48:39.300,32.3,11.79,3.172,40384,151.35,84.83,232,521,624,1488,ON
476,2026-03-31 16:48:39.800,32.3,11.79,3.140,40431,151.19,85.00,231,520,623,1485,ON
477,2026-03-31 16:48:40.300,32.3,11.85,3.149,40449,151.04,85.15,233,523,625,1479,ON
478,2026-03-31 16:48:40.800,32.3,11.81,3.143,40490,150.89,85.30,233,524,626,1485,ON
479,2026-03-31 16:48:41.300,32.3,11.85,3.153,40556,150.70,85.49,233,524,625,1486,ON
480,2026-03-31 16:48:41.800,32.3,11.83,3.143,40601,150.54,85.65,232,523,624,1475,ON
481,2026-03-31 16:48:42.300,32.3,11.83,3.143,40674,150.38,85.80,233,525,625,1472,ON
482,2026-03-31 16:48:42.800,32.3,11.82,3.149,40784,150.22,85.97,234,526,625,1495,ON
